0.441195
0.452512
0.333775
0.365075
0.378804
0.396360
0.398137
0.011721
0.412134
0.390081
0.382788
0.341125
0.419304
0.333516
0.260846
0.542444
0.483566
0.414417
0.046168
0.322172
0.337845
0.365506
0.353862
0.287495
0.360847
0.318974
0.358210
0.371362
0.287326
0.321377
0.372988
0.365626
0.397653
0.383655
0.341874
0.403438
0.327306
0.137634
0.409514
0.277302
0.397374
0.470472
0.380990
0.243580
0.209106
0.393749
0.444999
0.455039
0.390882
0.385046
0.460689
0.325467
0.366988
0.365393
0.341349
0.442863
0.411777
0.369708
0.325331
0.371167
0.397225
0.369423
0.337231
0.361513
0.327548
0.421954
0.406479
0.313310
0.456641
0.410732
0.365083
0.367675
0.386977
0.067529
0.411089
0.380198
0.408383
0.342724
0.344363
0.389642
0.420987
0.445710
0.410933
0.450030
0.305728
0.399908
0.286888
0.338051
0.293350
0.320357
0.515441
0.372124
0.468376
0.322427
0.383600
0.278780
0.422025
0.367570
0.366075
0.016952
0.403953
0.405850
0.404470
0.357903
0.378077
0.345026
0.443061
0.423023
0.382850
0.358092
0.466207
0.397800
0.390405
0.403287
0.396038
0.375412
0.167911
0.443372
0.283361
0.188319
0.427996
0.516616
0.382317
0.425727
0.365647
0.458329
0.610544
0.555944
0.448704
0.434947
0.420762
0.437408
0.071552
0.447086
0.392112
0.090308
0.421676
0.372973
0.443567
0.433029
0.471577
0.462231
0.478006
0.385189
0.451169
0.008842
0.393395
0.375410
0.376752
0.397094
0.519877
0.550385
0.363310
0.429462
0.428363
0.465609
0.489580
0.434325
0.412349
0.326565
0.398054
0.452821
0.471106
0.524171
0.442543
0.386034
0.045974
0.368809
0.467445
0.448362
0.406534
0.455675
0.435527
0.361563
0.249785
0.432658
0.502554
0.366742
0.319932
0.275402
0.468938
0.421860
0.440356
0.441577
0.341501
0.562657
0.474855
0.435247
0.473744
0.501573
0.409687
0.426963
0.391071
0.517541
0.447727
0.509250
0.444335
0.460939
0.448086
0.377745
0.151203
0.473001
0.446551
0.470940
0.414032
0.623234
0.448775
0.033945
0.431876
0.421722
0.504647
0.425996
0.441187
0.413859
0.422611
0.584695
0.533883
0.498423
0.497953
0.182842
0.278823
0.437231
0.451431
0.405939
0.429345
0.482808
0.377063
0.445511
0.380113
0.040309
0.570235
0.514508
0.346605
0.300777
0.392366
0.617766
0.400855
0.457454
0.407545
0.392984
0.538295
0.437111
0.465494
0.470485
0.459336
0.495590
0.530875
0.422837
0.494034
0.458157
0.407514
0.418042
0.388729
0.367704
0.420732
0.466750
0.555282
0.424579
0.383347
0.459385
0.627929
0.391520
0.507738
0.476929
0.384352
0.043334
0.408606
0.434148
0.323046
0.389050
0.413619
0.442463
0.386769
0.453353
0.403706
0.474664
0.517833
0.409282
0.406332
0.444842
0.463790
0.531490
0.535969
0.454542
0.008083
0.035025
0.430382
0.461248
0.402010
0.466379
0.484169
0.404520
0.284733
0.015650
0.362781
0.466341
0.402283
0.455653
0.460305
0.452198
0.472613
0.422998
0.452763
0.315169
0.421808
0.534518
0.468667
0.471871
0.406565
0.508712
0.390981
0.449466
0.005218
0.452649
0.530025
0.417709
0.436960
0.542481
0.412197
0.443793
0.605833
0.476688
0.463753
0.527007
0.436305
0.410088
0.451123
0.473824
0.469345
0.468740
0.428713
0.416099
0.504975
0.456962
0.386685
0.468060
0.018521
0.374624
0.384147
0.409362
0.437824
0.491609
0.393188
0.464913
0.390151
0.386982
0.432403
0.467108
0.418280
0.403987
0.458431
0.528541
0.421886
0.469407
0.446793
0.558396
0.473173
0.418189
0.410579
0.012910
0.473775
0.403709
0.426711
0.396310
0.408562
0.503189
0.451219
0.431218
0.418456
0.396884
0.346322
0.353210
0.308349
0.389516
0.381975
0.439489
0.549926
0.381338
0.451832
0.438381
0.367963
0.528837
0.348863
0.455541
0.401559
0.467196
0.414879
0.445747
0.334941
0.372921
0.421275
0.160324
0.321935
0.407887
0.356904
0.033528
0.476250
0.458579
0.431992
0.408485
0.420138
0.469497
0.437659
0.375550
0.381907
0.386467
0.347023
0.444810
0.315211
0.285854
0.424630
0.350928
0.290285
0.375538
0.200261
0.475337
0.025051
0.366402
0.407325
0.387976
0.457060
0.366295
0.450182
0.385229
0.381938
0.403727
0.387170
0.426666
0.402288
0.364909
0.457627
0.340122
0.402885
0.045048
0.448414
0.433854
0.627200
0.396470
0.424568
0.456397
0.387016
0.527361
0.393965
0.473708
0.343541
0.388574
0.474195
0.465853
0.449256
0.427772
0.468301
0.418388
0.471553
0.444178
0.373779
0.529763
0.457745
0.433222
0.419494
0.429495
0.410779
0.401667
0.420820
0.385582
0.350207
0.444565
0.457650
0.361586
0.366090
0.259574
0.540190
0.292992
0.386824
0.471753
0.317953
0.383615
0.412209
0.386488
0.202867
0.362468
0.494169
0.444671
0.469296
0.446344
0.442295
0.532064
0.582717
0.384545
0.469226
0.444809
0.392198
0.458994
0.475058
0.381304
0.297123
0.024148
0.525054
0.472454
0.360003
0.459475
0.563098
0.442142
0.441959
0.420897
0.484717
0.494796
0.494940
0.436413
0.375198
0.389408
0.394534
0.567372
0.438636
0.466062
0.528362
0.537996
0.511809
0.402212
0.422773
0.438328
0.505692
0.467576
0.433237
0.448800
0.467280
0.612409
0.385390
0.401797
0.415251
0.488379
0.495225
0.439358
0.527340
0.364954
0.416911
0.453722
0.428176
0.526961
0.388600
0.524955
0.522615
0.558864
0.355599
0.032362
0.514668
0.471936
0.519720
0.545408
0.406644
0.464944
0.462275
0.370307
0.393216
0.386671
0.368089
0.598645
0.455690
0.419375
0.430203
0.472959
0.486285
0.687387
0.473643
0.511253
0.396073
0.561914
0.438115
0.466971
0.445330
0.507780
0.429916
0.508426
0.498103
0.402731
0.418077
0.508112
0.468015
0.511415
0.530411
0.363207
0.422724
0.456736
0.413565
0.335461
0.393270
0.445307
0.468905
0.457853
0.436898
0.502062
0.366965
0.473278
0.455625
0.383681
0.464894
0.400566
0.470887
0.458433
0.491822
0.493465
0.356179
0.503917
0.472282
0.397966
0.507537
0.422203
0.490238
0.017710
0.400841
0.472383
0.473778
0.503760
0.308084
0.390108
0.385406
0.514044
0.491005
0.462451
0.397436
0.413612
0.019988
0.418538
0.522464
0.406558
0.328685
0.010803
0.441593
0.337931
0.458441
0.413447
0.457020
0.509450
0.470065
0.406786
0.342222
0.540396
0.373185
0.464144
0.506255
0.451637
0.013719
0.455973
0.474797
0.414244
0.326183
0.597803
0.420172
0.498112
0.417317
0.510775
0.464857
0.462050
0.458258
0.392584
0.367848
0.555673
0.506123
0.461393
0.370471
0.025867
0.447663
0.583913
0.506931
0.511644
0.459298
0.427489
0.516313
0.393186
0.521482
0.373913
0.461631
0.428963
0.476221
0.442786
0.526843
0.596439
0.497255
0.398962
0.557932
0.437729
0.508023
0.408031
0.389530
0.526571
0.398750
0.522218
0.434453
0.486618
0.433418
0.488505
0.400674
0.459333
0.396967
0.493842
0.389025
0.433510
0.150479
0.620034
0.369887
0.384267
0.506496
0.455519
0.405561
0.457703
0.460697
0.483934
0.436695
0.465052
0.339591
0.385475
0.421794
0.479451
0.442147
0.440077
0.410323
0.703396
0.539250
0.372773
0.496049
0.249235
0.528595
0.470303
0.483389
0.417879
0.399219
0.481004
0.007484
0.400463
0.416213
0.475102
0.491462
0.374636
0.096578
0.437915
0.453010
0.510571
0.599855
0.447916
0.431782
0.361101
0.478546
0.459761
0.479601
0.353673
0.269340
0.429337
0.376714
0.017181
0.464400
0.457659
0.487064
0.007176
0.378668
0.339725
0.337304
0.376193
0.366263
0.342866
0.333774
0.372263
0.451787
0.400860
0.378954
0.342803
0.364577
0.598481
0.465807
0.422623
0.313605
0.374242
0.410532
0.435945
0.456385
0.409385
0.374801
0.511335
0.431020
0.008692
0.367060
0.373308
0.383976
0.382445
0.362524
0.375830
0.295748
0.452949
0.472159
0.399880
0.464062
0.425112
0.432411
0.438077
0.362654
0.110977
0.348683
0.433728
0.498788
0.433503
0.483929
0.489380
0.315115
0.529173
0.444121
0.411114
0.405252
0.378322
0.430157
0.452359
0.388606
0.354273
0.478079
0.439096
0.376595
0.430678
0.428513
0.440176
0.469766
0.418448
0.330401
0.347108
0.371713
0.427665
0.389312
0.378345
0.262458
0.498040
0.307480
0.503067
0.373812
0.382900
0.457506
0.415321
0.315296
0.441131
0.277929
0.381570
0.430245
0.370376
0.341450
0.318159
0.456330
0.508772
0.371028
0.014897
0.377399
0.563086
0.073066
0.478722
0.506029
0.419857
0.530823
0.382729
0.453075
0.442101
0.478901
0.626357
0.398971
0.209883
0.458012
0.542311
0.483025
0.466923
0.499809
0.370751
0.409032
0.454351
0.408320
0.308465
0.478677
0.367968
0.551600
0.483342
0.409436
0.475484
0.465425
0.490536
0.445378
0.438343
0.376368
0.279397
0.557319
0.446560
0.491676
0.453792
0.276138
0.477393
0.038253
0.489609
0.381193
0.327578
0.529701
0.498076
0.437890
0.427894
0.421423
0.611547
0.526822
0.636839
0.438744
0.575451
0.527240
0.481292
0.066758
0.441591
0.293122
0.519062
0.483988
0.467679
0.495230
0.327428
0.390962
0.373606
0.384155
0.412836
0.448054
0.440229
0.445509
0.515215
0.495606
0.484299
0.405013
0.420075
0.465469
0.374919
0.412909
0.457982
0.445339
0.260448
0.363162
0.384141
0.485833
0.454078
0.488104
0.496398
0.422886
0.533202
0.556458
0.418509
0.403792
0.442621
0.489797
0.397184
0.426376
0.368589
0.491115
0.396572
0.494515
0.395770
0.485618
0.408263
0.449141
0.534437
0.536991
0.384582
0.501694
0.607194
0.481139
0.458039
0.387204
0.259169
0.460399
0.007200
0.453754
0.471067
0.363565
0.390025
0.576525
0.442377
0.472531
0.341689
0.352180
0.453029
0.394082
0.475673
0.402069
0.458671
0.363527
0.436815
0.424341
0.421790
0.461675
0.543983
0.435589
0.405182
0.363263
0.522408
0.490216
0.489160
0.491036
0.342799
0.538048
0.533851
0.422558
0.432414
0.401720
0.410083
0.447139
0.452758
0.392482
0.302534
0.530176
0.386638
0.319397
0.455688
0.437350
0.453618
0.466383
0.465689
0.407988
0.380800
0.460694
0.437804
0.395353
0.363027
0.314264
0.500183
0.014493
0.399396
0.444056
0.402754
0.460522
0.477994
0.486839
0.379624
0.417843
0.525188
0.385848
0.541524
0.537485
0.369619
0.458331
0.317029
0.372418
0.382082
0.531631
0.149958
0.396749
0.566847
0.531653
0.479262
0.019596
0.655483
0.483210
0.519889
0.441389
0.464621
0.463552
0.374553
0.382935
0.375905
0.436415
0.462211
0.385045
0.477760
0.486725
0.387043
0.449242
0.384578
0.318807
0.418127
0.466605
0.428685
0.467676
0.384711
0.368357
0.469916
0.456495
0.440536
0.376721
0.398944
0.490544
0.458081
0.465550
0.454361
0.326154
0.460864
0.415991
0.457879
0.461731
0.454757
0.442124
0.482593
0.441199
0.461145
0.446440
0.567667
0.561037
0.473703
0.467858
0.522352
0.467343
0.436108
0.426594
0.454270
0.042324
0.557094
0.478461
0.437957
0.494037
0.528885
0.469965
0.574646
0.433366
0.504996
0.368901
0.504262
0.463022
0.500785
0.481703
0.454396
0.576455
0.484173
0.473805
0.381020
0.451337
0.636226
0.456752
0.425756
0.355532
0.351054
0.589305
0.431903
0.476721
0.432973
0.426820
0.505434
0.511946
0.544778
0.534296
0.325813
0.565957
0.496537
0.461023
0.300586
0.449086
0.503806
0.537369
0.457961
0.437840
0.514409
0.543417
0.416718
0.454612
0.309366
0.421929
0.564198
0.531938
0.453241
0.447319
0.494055
0.403384
0.458067
0.435786
0.372044
0.466402
0.186669
0.534043
0.024027
0.523646
0.453418
0.451968
0.459296
0.544834
0.522547
0.425836
0.450094
0.385852
0.451406
0.429114
0.395128
0.499764
0.533773
0.505279
0.440160
0.472962
0.524000
0.481826
0.005588
0.436603
0.409597
0.408433
0.508602
0.455252
0.399148
0.437905
0.581106
0.411007
0.500440
0.471409
0.442059
0.417372
0.518118
0.445629
0.440715
0.451313
0.459002
0.354972
0.427795
0.333588
0.337418
0.330200
0.461442
0.464638
0.450696
0.368384
0.012283
0.466962
0.545304
0.439348
0.450258
0.408824
0.426604
0.414416
0.430672
0.409965
0.573081
0.430103
0.532099
0.413447
0.403294
0.441117
0.513397
0.449830
0.476526
0.427730
0.399156
0.028346
0.006248
0.442612
0.415466
0.442915
0.429017
0.525178
0.459519
0.425734
0.467513
0.011346
0.424661
0.354952
0.347761
0.445901
0.484713
0.340312
0.426766
0.301318
0.485020
0.540308
0.509992
0.442415
0.392410
0.426513
0.403580
0.444751
0.440968
0.328791
0.463771
0.531919
0.421420
0.401619
0.351446
0.448316
0.439094
0.383053
0.510140
0.334070
0.437381
0.441393
0.441878
0.506379
0.386122
0.371437
0.006555
0.425751
0.469171
0.424252
0.429168
0.438208
0.526343
0.426497
0.426765
0.448020
0.572155
0.009250
0.523995
0.392528
0.413167
0.463492
0.360804
0.386602
0.389070
0.598131
0.370932
0.439354
0.417460
0.449906
0.407466
0.448824
0.448192
0.437412
0.394130
0.444669
0.443989
0.474952
0.422495
0.428052
0.450582
0.523001
0.563818
0.396213
0.418878
0.473733
0.537003
0.548667
0.482181
0.006468
0.541140
0.500850
0.437523
0.411267
0.361729
0.464471
0.376929
0.452152
0.143378
0.375238
0.425899
0.456103
0.399190
0.406353
0.403608
0.429566
0.358356
0.409824
0.391427
0.284539
0.528258
0.441300
0.501164
0.378390
0.419697
0.382863
0.414444
0.407798
0.293656
0.402313
0.499537
0.473630
0.398186
0.394750
0.437672
0.407431
0.397264
0.380589
0.302048
0.462383
0.413844
0.378670
0.418446
0.339995
0.329007
0.396778
0.373712
0.367079
0.336266
0.333532
0.039520
0.384109
0.367374
0.357475
0.324846
0.375133
0.417015
0.370098
0.247749
0.316200
0.459968
0.392040
0.275182
0.380483
0.450067
0.447791
0.395132
0.392721
0.298133
0.390582
0.384864
0.360753
0.462276
0.014844
0.365390
0.327984
0.372900
0.404724
0.423927
0.441588
0.423689
0.580150
0.383709
0.590078
0.402681
0.489911
0.408758
0.440784
0.425422
0.404554
0.353322
0.392402
0.327046
0.347412
0.388060
0.437562
0.558322
0.376359
0.376329
0.421206
0.391111
0.372360
0.391176
0.397950
0.413547
0.374369
0.496546
0.440816
0.321676
0.335686
0.230643
0.385145
0.007839
0.405527
0.121170
0.587353
0.409098
0.030519
0.026576
0.383405
0.380841
0.387696
0.415971
0.355973
0.363615
0.480134
0.527187
0.426113
0.484265
0.454610
0.499636
0.439830
0.441978
0.479998
0.530821
0.439038
0.012132
0.431166
0.437252
0.329465
0.429345
0.496726
0.549818
0.540691
0.496310
0.098267
0.321193
0.438052
0.442483
0.529598
0.401050
0.385095
0.415727
0.363735
0.391941
0.518933
0.439651
0.482378
0.412077
0.429328
0.411139
0.394089
0.438184
0.420951
0.357983
0.494007
0.420006
0.350618
0.383355
0.318641
0.531076
0.586792
0.417348
0.446040
0.329211
0.518627
0.416967
0.520755
0.425007
0.447311
0.507499
0.409324
0.517979
0.437713
0.426675
0.487525
0.450744
0.433842
0.465404
0.382103
0.413180
0.429742
0.445479
0.350111
0.468739
0.389729
0.440414
0.444657
0.405334
0.447761
0.432126
0.386632
0.421658
0.420345
0.522294
0.462785
0.616593
0.335011
0.429671
0.334116
0.437340
0.008686
0.472844
0.335083
0.300473
0.428613
0.547286
0.529941
0.436047
0.437846
0.419872
0.446587
0.427830
0.533746
0.379102
0.527034
0.014147
0.513959
0.485319
0.364219
0.524242
0.528985
0.471767
0.423694
0.373022
0.484397
0.426676
0.503029
0.425934
0.430948
0.476315
0.493357
0.488116
0.518797
0.452547
0.421995
0.470809
0.456364
0.468967
0.395777
0.463947
0.554727
0.381812
0.443674
0.321175
0.442852
0.445465
0.005000
0.385285
0.444907
0.450316
0.556796
0.381982
0.368518
0.462589
0.481316
0.458689
0.421789
0.453988
0.463440
0.494461
0.369794
0.459434
0.367906
0.230497
0.447010
0.500802
0.321117
0.372949
0.396202
0.491299
0.443182
0.376245
0.381075
0.391584
0.460353
0.516204
0.448691
0.378199
0.332758
0.408113
0.426145
0.363575
0.377620
0.295689
0.478699
0.442405
0.024958
0.369967
0.315128
0.395474
0.492227
0.472732
0.496159
0.347616
0.456241
0.454089
0.446519
0.379515
0.274803
0.514102
0.518612
0.448259
0.384826
0.488562
0.283018
0.329057
0.396770
0.370088
0.387204
0.459063
0.498184
0.017112
0.495849
0.445364
0.482065
0.484099
0.441825
0.468800
0.394999
0.506731
0.460300
0.395703
0.403261
0.428376
0.411942
0.486643
0.447539
0.502187
0.433091
0.503817
0.570960
0.491484
0.376459
0.453647
0.471530
0.442084
0.423040
0.442274
0.456900
0.480167
0.122949
0.014367
0.374802
0.403590
0.477102
0.479123
0.374155
0.459273
0.406351
0.369845
0.479953
0.414626
0.317570
0.366056
0.429238
0.479786
0.412990
0.443219
0.406219
0.470679
0.539653
0.489834
0.439057
0.007359
0.438454
0.450551
0.476647
0.410501
0.437070
0.509278
0.474997
0.515071
0.452444
0.412955
0.494443
0.440589
0.424877
0.465230
0.436940
0.409864
0.469007
0.420608
0.366115
0.449008
0.475717
0.400141
0.430799
0.415961
0.426861
0.582794
0.633310
0.416484
0.427503
0.424947
0.438390
0.384675
0.406632
0.377769
0.374382
0.470793
0.528690
0.413787
0.356391
0.406353
0.436598
0.471490
0.315452
0.371269
0.318794
0.545449
0.497653
0.447526
0.439653
0.307710
0.451897
0.334983
0.392356
0.378512
0.480736
0.436489
0.545983
0.418737
0.478204
0.498537
0.389405
0.366248
0.374438
0.490546
0.374195
0.443809
0.319208
0.285159
0.471351
0.436129
0.508850
0.520780
0.440599
0.627835
0.443312
0.471744
0.435679
0.449998
0.479292
0.184989
0.511984
0.408512
0.447239
0.319814
0.416270
0.577042
0.526912
0.451950
0.422269
0.376337
0.448858
0.427775
0.494214
0.414613
0.445149
0.483483
0.576720
0.493087
0.537607
0.407951
0.471377
0.321114
0.011336
0.421767
0.469512
0.447229
0.424611
0.468437
0.415813
0.270634
0.500144
0.436997
0.432786
0.484878
0.423433
0.593774
0.432329
0.545875
0.531659
0.425106
0.495684
0.319490
0.428487
0.390899
0.410481
0.547067
0.477940
0.438843
0.483920
0.438308
0.423084
0.550557
0.425443
0.409607
0.360824
0.381876
0.461368
0.476035
0.442042
0.412958
0.601191
0.461424
0.453226
0.503406
0.446808
0.536213
0.476518
0.391396
0.485750
0.433952
0.466832
0.391551
0.429243
0.352672
0.089581
0.392478
0.425207
0.449432
0.425057
0.463168
0.530998
0.561799
0.407319
0.475334
0.371231
0.512197
0.523724
0.539797
0.415502
0.291352
0.386919
0.477045
0.436593
0.351050
0.454614
0.428332
0.476515
0.507987
0.589172
0.472362
0.360817
0.450182
0.458171
0.459623
0.427827
0.466440
0.469059
0.601586
0.427889
0.472430
0.531584
0.510522
0.078553
0.410585
0.466370
0.477145
0.506024
0.497057
0.499644
0.490238
0.535489
0.487285
0.467624
0.531171
0.477229
0.463386
0.474552
0.526750
0.476928
0.418750
0.433026
0.434116
0.478468
0.463584
0.509168
0.467010
0.507706
0.434027
0.436988
0.449071
0.434153
0.454269
0.490077
0.014273
0.531682
0.578727
0.509273
0.445588
0.397793
0.418140
0.427045
0.431024
0.488247
0.377410
0.373626
0.449980
0.549442
0.530106
0.054887
0.436476
0.445890
0.410385
0.447882
0.410627
0.385268
0.469144
0.428108
0.438260
0.412556
0.440438
0.345699
0.405453
0.428097
0.403751
0.416446
0.399227
0.409205
0.491011
0.450463
0.405500
0.487076
0.490140
0.382595
0.409325
0.344924
0.585253
0.398951
0.424767
0.375664
0.422958
0.408057
0.713187
0.408128
0.491927
0.423868
0.496242
0.411632
0.183321
0.016280
0.403114
0.398681
0.505552
0.384489
0.379257
0.290927
0.481994
0.495996
0.375865
0.381379
0.291444
0.433466
0.406381
0.408386
0.012225
0.341098
0.370008
0.493486
0.478701
0.435493
0.410364
0.496455
0.366823
0.376707
0.393954
0.380577
0.515319
0.387722
0.428393
0.304358
0.489910
0.419509
0.490173
0.375212
0.418874
0.418573
0.490255
0.486924
0.422655
0.426827
0.346838
0.483639
0.494736
0.386074
0.433358
0.381405
0.442437
0.392989
0.405557
0.294468
0.343717
0.415599
0.505720
0.364829
0.293967
0.448880
0.421676
0.443361
0.418411
0.392518
0.421774
0.481555
0.345196
0.407339
0.290851
0.405363
0.612640
0.453494
0.429409
0.366310
0.340125
0.411623
0.585348
0.401890
0.479952
0.393092
0.541501
0.401575
0.394587
0.508939
0.402214
0.525581
0.451866
0.507466
0.097684
0.372291
0.496068
0.478267
0.505034
0.437465
0.485635
0.413246
0.437986
0.447785
0.482815
0.479953
0.410427
0.442937
0.476841
0.366646
0.473380
0.593791
0.441601
0.478435
0.438206
0.437041
0.516712
0.495509
0.499511
0.437779
0.375291
0.484818
0.573894
0.428137
0.401976
0.435909
0.445416
0.447442
0.441630
0.030069
0.416250
0.511666
0.476195
0.393758
0.461376
0.208043
0.413713
0.457355
0.417711
0.476421
0.408992
0.431633
0.485206
0.441930
0.293776
0.403518
0.480753
0.477554
0.403130
0.438694
0.428883
0.390974
0.444344
0.401228
0.506756
0.445867
0.416311
0.490752
0.487176
0.473131
0.366081
0.485681
0.511414
0.387254
0.488968
0.406229
0.386610
0.441041
0.446356
0.404536
0.457090
0.465055
0.401453
0.489990
0.499139
0.027547
0.512473
0.482789
0.471708
0.480763
0.398387
0.450237
0.508992
0.446436
0.433204
0.249610
0.437314
0.410035
0.406672
0.402992
0.403087
0.513561
0.578316
0.494203
0.481328
0.431636
0.499799
0.482574
0.415400
0.424622
0.248900
0.508351
0.373238
0.444419
0.447913
0.387528
0.481497
0.403749
0.436277
0.500430
0.376665
0.370417
0.445918
0.435794
0.401293
0.102393
0.489480
0.018636
0.572776
0.449144
0.274648
0.495906
0.452293
0.477791
0.352641
0.409991
0.369315
0.389801
0.400165
0.476423
0.061019
0.524200
0.466671
0.480204
0.423504
0.301426
0.528392
0.430295
0.392280
0.300356
0.382392
0.441868
0.557759
0.382226
0.416661
0.262755
0.437086
0.416003
0.376104
0.306398
0.386568
0.437197
0.399521
0.418490
0.426130
0.043522
0.421702
0.554607
0.514472
0.490482
0.460962
0.394403
0.413044
0.462337
0.360754
0.347941
0.529893
0.524774
0.413694
0.507743
0.381280
0.023516
0.343134
0.427633
0.452303
0.396613
0.497641
0.358866
0.457772
0.463236
0.516444
0.044528
0.522170
0.468876
0.460946
0.431753
0.457870
0.507632
0.384563
0.445028
0.451129
0.487470
0.410345
0.477771
0.383281
0.394096
0.461925
0.373199
0.456732
0.437509
0.368150
0.455819
0.463151
0.008311
0.445934
0.314139
0.443435
0.506634
0.255429
0.438198
0.455672
0.494514
0.614451
0.618879
0.553942
0.425236
0.485689
0.457633
0.461673
0.289595
0.296380
0.500567
0.407601
0.396689
0.395047
0.293616
0.472083
0.419783
0.410705
0.466894
0.346580
0.386149
0.390932
0.407375
0.294292
0.353925
0.419342
0.391529
0.422641
0.397938
0.400875
0.591243
0.403849
0.363942
0.439081
0.340674
0.423735
0.452824
0.391234
0.273395
0.390514
0.512046
0.390027
0.418446
0.390474
0.384193
0.480842
0.413801
0.426128
0.335820
0.387757
0.427036
0.390296
0.387420
0.384652
0.308713
0.565201
0.412023
0.403749
0.418391
0.262895
0.457369
0.416329
0.417258
0.426091
0.392379
0.420039
0.417373
0.402418
0.378165
0.398189
0.414987
0.407423
0.393675
0.366750
0.296525
0.102071
0.364266
0.482025
0.420683
0.340967
0.285204
0.403729
0.394635
0.387296
0.422184
0.401301
0.050623
0.481312
0.410104
0.399994
0.448372
0.594066
0.409727
0.439978
0.426331
0.402278
0.483758
0.448811
0.426336
0.388592
0.465217
0.423945
0.509602
0.423636
0.439743
0.385498
0.347015
0.400754
0.426738
0.252866
0.337747
0.388099
0.449906
0.331327
0.384710
0.404424
0.337027
0.381173
0.341120
0.410996
0.407662
0.472187
0.477253
0.090257
0.293778
0.527626
0.394588
0.346098
0.056449
0.334106
0.507534
0.368813
0.418269
0.359647
0.374931
0.432124
0.470960
0.517866
0.437723
0.365023
0.367404
0.354382
0.339531
0.457989
0.367884
0.480307
0.447745
0.391547
0.452559
0.471014
0.495267
0.384086
0.443129
0.358696
0.015319
0.386693
0.411344
0.378876
0.376108
0.433767
0.388256
0.443008
0.365752
0.334708
0.402474
0.449092
0.411625
0.349739
0.342542
0.372795
0.490152
0.513270
0.385333
0.407466
0.424709
0.450514
0.154235
0.500292
0.310428
0.368777
0.032847
0.360140
0.341338
0.357894
0.385149
0.426251
0.388960
0.387223
0.359557
0.388170
0.388970
0.338335
0.311263
0.108985
0.254750
0.444840
0.444895
0.465203
0.380385
0.050480
0.351455
0.376503
0.341529
0.313884
0.439105
0.390053
0.483788
0.487523
0.369814
0.410252
0.386290
0.541886
0.391154
0.379060
0.317484
0.386678
0.498331
0.359367
0.416299
0.331510
0.310963
0.167166
0.414792
0.387820
0.343866
0.435451
0.378259
0.378135
0.386471
0.312726
0.476204
0.419008
0.380010
0.366943
0.439782
0.478697
0.501884
0.401544
0.354070
0.440532
0.359544
0.389639
0.557109
0.445113
0.374442
0.417296
0.494353
0.377962
0.352367
0.312234
0.431364
0.474562
0.591770
0.406241
0.430089
0.414631
0.449960
0.375970
0.431632
0.476184
0.556972
0.486845
0.522122
0.350704
0.438806
0.566159
0.476186
0.430672
0.444481
0.091838
0.458766
0.411451
0.439959
0.446817
0.483635
0.459566
0.430596
0.376668
0.409930
0.428281
0.027616
0.459811
0.455809
0.452933
0.363618
0.440191
0.506868
0.375506
0.371247
0.385423
0.531964
0.461465
0.415024
0.539425
0.389169
0.461624
0.523114
0.443802
0.438036
0.383857
0.630803
0.528346
0.485972
0.008650
0.359432
0.432595
0.461569
0.515920
0.461239
0.450636
0.514432
0.476676
0.501512
0.385585
0.361950
0.648804
0.435128
0.033566
0.447287
0.124987
0.361627
0.431381
0.440208
0.457589
0.396677
0.474139
0.427704
0.524929
0.411321
0.532781
0.400074
0.438145
0.464785
0.465684
0.336123
0.497286
0.372903
0.472774
0.446990
0.432117
0.440076
0.472948
0.455865
0.485012
0.405456
0.409793
0.390013
0.430229
0.508896
0.498292
0.404717
0.467791
0.432028
0.482986
0.383754
0.518368
0.053541
0.527579
0.522726
0.400279
0.531450
0.440915
0.439476
0.485303
0.295068
0.584560
0.591609
0.477914
0.390081
0.408158
0.451510
0.384142
0.434836
0.418431
0.526556
0.633427
0.425954
0.412442
0.452161
0.539288
0.396975
0.459575
0.407825
0.346517
0.489252
0.519031
0.574043
0.430225
0.389682
0.529979
0.415419
0.489625
0.544339
0.428659
0.440759
0.405629
0.525070
0.439317
0.407149
0.391608
0.490541
0.441378
0.413991
0.371507
0.415522
0.497729
0.609999
0.509531
0.435163
0.426155
0.416625
0.433409
0.533363
0.500676
0.412215
0.518305
0.393164
0.410623
0.432351
0.417242
0.486941
0.429456
0.494326
0.362380
0.409223
0.442650
0.448350
0.455149
0.411706
0.417952
0.512187
0.445626
0.411698
0.486107
0.330662
0.451478
0.476032
0.436404
0.480843
0.444693
0.358738
0.377595
0.359060
0.409954
0.363547
0.484432
0.453597
0.436751
0.445838
0.538200
0.461737
0.409869
0.535556
0.498700
0.448003
0.547304
0.453564
0.457177
0.484156
0.415091
0.417415
0.118493
0.469157
0.392842
0.523937
0.384698
0.541946
0.409517
0.401772
0.454336
0.480841
0.529324
0.420260
0.412311
0.370638
0.554802
0.421101
0.502219
0.420742
0.392351
0.450895
0.447980
0.408582
0.559574
0.415797
0.453011
0.492724
0.455105
0.022520
0.386840
0.491609
0.514051
0.477903
0.426522
0.491604
0.522702
0.404436
0.450847
0.426357
0.392242
0.424533
0.297133
0.391708
0.393659
0.423992
0.468392
0.559960
0.474930
0.428269
0.390044
0.423484
0.498515
0.411878
0.393703
0.468385
0.442536
0.400152
0.440788
0.420648
0.321247
0.461935
0.404048
0.407478
0.412067
0.305024
0.460759
0.511224
0.459320
0.394140
0.411424
0.425774
0.482913
0.449583
0.436801
0.402285
0.432238
0.394483
0.405720
0.470367
0.291400
0.442924
0.437664
0.447662
0.330549
0.370240
0.411600
0.468168
0.529011
0.086564
0.459921
0.421001
0.393291
0.454437
0.472057
0.209489
0.569803
0.436778
0.482061
0.474912
0.435775
0.455677
0.424475
0.423951
0.405347
0.012039
0.461090
0.452167
0.027751
0.497306
0.356455
0.401769
0.050206
0.453007
0.510966
0.425926
0.402463
0.434845
0.397062
0.432764
0.305938
0.392536
0.487731
0.413433
0.436120
0.410669
0.461224
0.473031
0.020704
0.419028
0.301506
0.487011
0.481238
0.402486
0.329297
0.395714
0.518418
0.405458
0.400875
0.379147
0.472738
0.439356
0.452943
0.404644
0.401456
0.422694
0.486605
0.440574
0.401071
0.405670
0.380319
0.403818
0.507011
0.403584
0.324431
0.361333
0.452790
0.461928
0.464902
0.412100
0.392092
0.460272
0.420096
0.461110
0.133295
0.426818
0.620155
0.453324
0.467350
0.425967
0.461519
0.162046
0.437186
0.453950
0.517605
0.464692
0.445371
0.463067
0.413283
0.483919
0.403149
0.433207
0.357327
0.421276
0.360952
0.447273
0.462427
0.427125
0.497231
0.330815
0.325505
0.439279
0.471878
0.355907
0.452011
0.401715
0.478165
0.481708
0.484270
0.306451
0.320702
0.356692
0.464729
0.411942
0.400456
0.458337
0.462041
0.408128
0.450297
0.457738
0.447281
0.444740
0.519640
0.453969
0.434432
0.326735
0.483838
0.546878
0.418079
0.430571
0.313497
0.462332
0.401007
0.385438
0.447910
0.438499
0.457731
0.528371
0.427393
0.534252
0.418579
0.529258
0.427469
0.420601
0.388741
0.436120
0.465522
0.401201
0.426423
0.393087
0.430647
0.477008
0.523657
0.446537
0.090900
0.458667
0.397277
0.453792
0.392087
0.448519
0.328021
0.313977
0.347079
0.518788
0.429600
0.372455
0.434505
0.453069
0.347419
0.531778
0.379181
0.107996
0.393879
0.438524
0.437188
0.018031
0.412524
0.424003
0.331181
0.384806
0.426072
