0.000000
0.000000
0.000000
0.000000
0.000000
0.000000
0.000000
0.000000
0.000000
0.000000
0.000000
0.000000
0.000000
0.000000
0.000000
0.000000
0.000000
0.000000
0.000000
0.000000
0.000000
0.000000
0.000000
0.000000
0.000000
0.000000
0.000000
0.000000
0.000000
0.000000
0.000000
0.000000
0.000000
0.000000
0.000000
0.000000
0.000000
0.000000
0.000000
0.000000
0.000000
0.000000
0.000000
0.000000
0.000000
0.000000
0.000000
0.000000
0.000000
0.000000
0.000000
0.000000
0.000000
0.000000
0.000000
0.000000
0.000000
0.000000
0.000000
0.000000
0.000000
0.000000
0.000000
0.000000
0.000000
0.000000
0.000000
0.000000
0.000000
0.000000
0.000000
0.000000
0.000000
0.000000
0.165965
0.000000
0.000000
0.000000
0.000000
0.000000
0.000000
0.000000
0.000000
0.000000
0.000000
0.000000
0.000000
0.000000
0.000000
0.000000
0.000000
0.000000
0.000000
0.000000
0.000000
0.000000
0.000000
0.000000
0.000000
0.000000
0.000000
0.000000
0.000000
0.000000
0.000000
0.000000
0.000000
0.000000
0.000000
0.000000
0.000000
0.000000
0.000000
0.000000
0.000000
0.000000
0.000000
0.000000
0.000000
0.000000
0.539675
0.448203
0.550151
0.521801
0.473246
0.430303
0.507824
0.538813
0.545973
0.530438
0.354559
0.402986
0.376975
0.395978
0.304364
0.530635
0.568749
0.603970
0.516976
0.516976
0.498318
0.494852
0.528307
0.515239
0.516976
0.055635
0.041231
0.497453
0.207900
0.540512
0.511937
0.506637
0.500383
0.536755
0.516976
0.501312
0.442518
0.571417
0.540395
0.516976
0.489382
0.537105
0.472672
0.516976
0.516976
0.312087
0.172458
0.210239
0.321011
0.413874
0.441648
0.463747
0.240774
0.365461
0.472475
0.236107
0.519124
0.587174
0.433640
0.342997
0.527275
0.515667
0.514709
0.491646
0.268406
0.000000
0.091909
0.414974
0.334061
0.038102
0.204114
0.202226
0.206164
0.206164
0.265068
0.516140
0.132927
0.516976
0.253041
0.516976
0.516976
0.271162
0.516976
0.649494
0.516976
0.226566
0.501312
0.490132
0.486649
0.490155
0.537789
0.571207
0.516976
0.533658
0.516976
0.527275
0.528545
0.330037
0.460098
0.363769
0.441842
0.531271
0.507100
0.516976
0.450975
0.519895
0.519895
0.516976
0.516976
0.516976
0.096820
0.341457
0.495009
0.516976
0.516976
0.301215
0.278145
0.503987
0.516976
0.516976
0.319336
0.321247
0.331441
0.350807
0.378941
0.283903
0.417238
0.385159
0.364960
0.384622
0.279698
0.315113
0.252093
0.216197
0.286286
0.312167
0.387764
0.454430
0.479011
0.452352
0.311453
0.391835
0.375920
0.459452
0.515786
0.055648
0.181678
0.159675
0.229506
0.289613
0.449885
0.498203
0.106613
0.149880
0.452352
0.105465
0.145771
0.211495
0.262858
0.431446
0.352380
0.463379
0.461230
0.452352
0.452352
0.366658
0.359311
0.263572
0.200194
0.217788
0.327347
0.227752
0.210435
0.338213
0.404007
0.273830
0.291016
0.278134
0.361872
0.379376
0.304314
0.341186
0.369841
0.291545
0.236789
0.206862
0.201596
0.251371
0.221904
0.223643
0.247678
0.219155
0.185726
0.089784
0.101016
0.445584
0.219726
0.452352
0.450151
0.452352
0.452352
0.447565
0.452352
0.618142
0.452352
0.435785
0.517579
0.573232
0.491858
0.491459
0.433912
0.359822
0.463510
0.503636
0.500664
0.373540
0.395225
0.297905
0.248547
0.319782
0.354985
0.369555
0.388721
0.393434
0.452352
0.297091
0.363363
0.378579
0.299701
0.342541
0.102024
0.216496
0.245362
0.434115
0.452352
0.311091
0.269225
0.261130
0.368302
0.452352
0.281431
0.300755
0.327714
0.117957
0.312682
0.280450
0.300755
0.328017
0.325851
0.319020
0.281431
0.298454
0.296957
0.324068
0.253413
0.268013
0.277805
0.327012
0.327012
0.327012
0.000000
0.280450
0.327060
0.300999
0.327012
0.008799
0.007614
0.128940
0.083815
0.279066
0.286432
0.237731
0.325367
0.324920
0.327012
0.329958
0.329958
0.336368
0.327012
0.327012
0.281431
0.135724
0.288969
0.327012
0.327012
0.133993
0.329958
0.319321
0.299560
0.213215
0.243576
0.042367
0.338064
0.327012
0.327012
0.327012
0.327012
0.056090
0.327012
0.326665
0.135110
0.320285
0.312087
0.327012
0.176315
0.000000
0.322422
0.336403
0.336077
0.000000
0.000000
0.000000
0.000000
0.000000
0.334232
0.325851
0.000623
0.327012
0.147851
0.327012
0.327012
0.166213
0.327012
0.254973
0.327012
0.328017
0.328017
0.327497
0.279250
0.056405
0.226119
0.299411
0.316123
0.327012
0.327012
0.327714
0.321797
0.312682
0.323250
0.242161
0.328017
0.287392
0.268013
0.327012
0.327012
0.318839
0.318003
0.321797
0.327012
0.327012
0.130005
0.251836
0.327012
0.327012
0.327012
0.329958
0.327012
0.327012
0.327012
0.327012
0.263130
0.243095
0.322487
0.273849
0.304436
0.235756
0.258870
0.281757
0.311790
0.375785
0.327303
0.186391
0.183515
0.244177
0.261371
0.218607
0.298615
0.296699
0.316903
0.334582
0.244430
0.274495
0.296821
0.336362
0.479027
0.034073
0.122530
0.242647
0.173801
0.236922
0.349404
0.363556
0.315091
0.212193
0.473840
0.075476
0.265274
0.305428
0.408721
0.415336
0.276084
0.290293
0.349677
0.442769
0.416220
0.347562
0.295448
0.330607
0.287248
0.219914
0.222859
0.251375
0.278225
0.388042
0.417421
0.264432
0.249412
0.249412
0.242992
0.331463
0.221328
0.225470
0.253100
0.286582
0.264967
0.051148
0.324155
0.239882
0.194730
0.218763
0.339625
0.337331
0.337331
0.281482
0.240392
0.377828
0.392801
0.541899
0.700588
0.416220
0.540298
0.732001
0.416220
0.769410
0.416220
0.313442
0.355833
0.356441
0.387006
0.472031
0.300387
0.290405
0.335524
0.424177
0.513565
0.288615
0.300857
0.303090
0.260883
0.318777
0.280998
0.276033
0.335830
0.318643
0.448108
0.237273
0.357508
0.306559
0.297863
0.416220
0.096330
0.339830
0.349986
0.373690
0.370062
0.294864
0.290834
0.318211
0.211899
0.256723
0.291417
0.310688
0.361870
0.458208
0.500987
0.225154
0.338714
0.320693
0.361170
0.399788
0.207222
0.218137
0.233796
0.327129
0.386731
0.214313
0.193663
0.262575
0.350659
0.391723
0.254831
0.300634
0.485729
0.517416
0.485206
0.080463
0.151335
0.126469
0.343304
0.246701
0.391050
0.514458
0.223976
0.108555
0.492621
0.050756
0.068618
0.169935
0.245709
0.349530
0.366237
0.438254
0.543366
0.492621
0.492621
0.115981
0.114744
0.232679
0.204358
0.225865
0.069394
0.099468
0.102606
0.147412
0.258044
0.094695
0.041977
0.041977
0.041977
0.041977
0.200580
0.096801
0.412570
0.313352
0.315534
0.050605
0.131764
0.127188
0.077167
0.226804
0.332763
0.355009
0.333279
0.329818
0.252724
0.461081
0.367713
0.492621
0.334383
0.492621
0.514458
0.353995
0.492621
0.333503
0.492621
0.275596
0.332435
0.427754
0.400658
0.554579
0.418123
0.448136
0.472407
0.516636
0.504245
0.127854
0.153446
0.205640
0.231948
0.273656
0.268163
0.390576
0.485972
0.439136
0.492621
0.365059
0.358929
0.303516
0.514458
0.514458
0.116262
0.071466
0.111920
0.183335
0.262865
0.206331
0.245051
0.205735
0.228279
0.367194
0.214446
0.185796
0.214446
0.238373
0.257488
0.147272
0.214446
0.246036
0.259712
0.189324
0.135436
0.105033
0.076299
0.192448
0.132632
0.204770
0.197730
0.246348
0.251888
0.352460
0.081906
0.081906
0.081906
0.232005
0.329611
0.081906
0.043981
0.171811
0.203018
0.269602
0.204770
0.232005
0.202255
0.201400
0.352460
0.147908
0.246036
0.253084
0.313607
0.352460
0.214446
0.204770
0.138553
0.352460
0.352460
0.180510
0.204770
0.149266
0.195978
0.227857
0.181668
0.178316
0.130753
0.166772
0.169255
0.149818
0.147272
0.192854
0.058616
0.349381
0.214446
0.000000
0.164758
0.189403
0.106473
0.194334
0.191201
0.209835
0.116253
0.049550
0.234303
0.234303
0.217423
0.191116
0.172065
0.253084
0.129823
0.352460
0.422399
0.352460
0.329611
0.483233
0.352460
0.522321
0.352460
0.200420
0.191755
0.251888
0.329611
0.352460
0.203575
0.204604
0.232005
0.352460
0.352460
0.204770
0.253084
0.098032
0.127040
0.147932
0.158390
0.204770
0.184048
0.329611
0.329611
0.161930
0.256441
0.352460
0.352460
0.352460
0.204770
0.138180
0.192256
0.083657
0.322180
0.147908
0.147272
0.164821
0.214954
0.352460
0.324318
0.319189
0.358375
0.387903
0.461396
0.266186
0.285503
0.267911
0.368555
0.414367
0.246689
0.199261
0.294823
0.310585
0.304558
0.319839
0.281748
0.283316
0.344195
0.346324
0.319565
0.314012
0.320816
0.405869
0.694685
0.117922
0.155661
0.237720
0.291248
0.346602
0.306251
0.403701
0.416505
0.348432
0.720652
0.301678
0.283938
0.245682
0.514321
0.666039
0.333508
0.325596
0.440350
0.620313
0.717856
0.338526
0.301556
0.281241
0.347483
0.401950
0.289228
0.280592
0.274340
0.371741
0.357276
0.269304
0.247054
0.341627
0.289419
0.272176
0.305716
0.242293
0.215890
0.231479
0.245334
0.053122
0.151293
0.266685
0.210054
0.203083
0.232271
0.211225
0.156516
0.250358
0.095032
0.483241
0.362288
0.701418
0.424662
0.717856
0.642681
0.337952
0.717856
0.525024
0.717856
0.354914
0.448085
0.444354
0.486160
0.621552
0.297519
0.426129
0.481144
0.539948
0.671375
0.334321
0.307793
0.264225
0.339097
0.318569
0.333007
0.308158
0.328488
0.539140
0.717856
0.287783
0.295298
0.295032
0.535171
0.701418
0.336081
0.355337
0.372791
0.404896
0.385494
0.300818
0.291393
0.411241
0.334605
0.368438
0.000000
0.000000
0.000000
0.241238
0.249393
0.000000
0.000000
0.000000
0.000000
0.203291
0.076900
0.000000
0.000000
0.059680
0.336520
0.000000
0.000000
0.241238
0.393396
0.419010
0.000000
0.000000
0.000000
0.241238
0.419010
0.000000
0.000000
0.000000
0.126984
0.000000
0.000000
0.059795
0.203291
0.203291
0.316937
0.000000
0.000000
0.393396
0.419010
0.419010
0.000000
0.000000
0.000000
0.368187
0.419010
0.000000
0.000000
0.000000
0.318727
0.360777
0.000000
0.000000
0.222323
0.357423
0.419010
0.000000
0.000000
0.340863
0.434784
0.401163
0.000000
0.047439
0.269067
0.283802
0.356443
0.000000
0.000000
0.211105
0.258127
0.043438
0.258127
0.258127
0.258127
0.258127
0.247948
0.000000
0.357383
0.419010
0.745497
0.419010
0.419010
0.579288
0.419010
0.737931
0.419010
0.000000
0.000000
0.000000
0.203531
0.203531
0.000000
0.000000
0.000000
0.288048
0.424483
0.000000
0.000000
0.318727
0.433302
0.296015
0.000000
0.203291
0.203291
0.419010
0.419010
0.000000
0.000000
0.368187
0.419010
0.419010
0.104532
0.104532
0.116496
0.104532
0.419010
0.000000
0.129180
0.322367
0.419010
0.419010
0.285051
0.307718
0.329204
0.320934
0.365299
0.292722
0.294780
0.324547
0.351262
0.321514
0.228528
0.280015
0.223276
0.250397
0.266315
0.186208
0.164219
0.221595
0.240212
0.316114
0.307976
0.311303
0.358989
0.347290
0.358952
0.182088
0.110858
0.206665
0.197412
0.267029
0.355387
0.323150
0.105999
0.097119
0.418242
0.089815
0.090997
0.140670
0.260213
0.280143
0.339951
0.361445
0.317804
0.396466
0.418242
0.173111
0.172719
0.197651
0.227413
0.217656
0.147585
0.178029
0.205365
0.167287
0.264339
0.140746
0.184084
0.239375
0.317145
0.271702
0.140059
0.184233
0.252565
0.143274
0.173820
0.060174
0.056715
0.202905
0.147534
0.287368
0.227264
0.227264
0.227264
0.204066
0.252858
0.335797
0.396787
0.398097
0.420630
0.418242
0.392070
0.407467
0.418242
0.446257
0.418242
0.245559
0.258730
0.273257
0.279331
0.287155
0.313604
0.349728
0.335260
0.336809
0.351966
0.213807
0.235893
0.179645
0.174765
0.296427
0.331861
0.351033
0.319044
0.346484
0.418242
0.305505
0.313691
0.336612
0.361583
0.418242
0.193106
0.240050
0.165354
0.287840
0.309492
0.207627
0.207632
0.249614
0.267944
0.319163
0.000000
0.141923
0.000000
0.397302
0.363516
0.000000
0.141923
0.000000
0.397302
0.367070
0.000000
0.162538
0.071985
0.367070
0.319375
0.000000
0.141923
0.141923
0.393409
0.497741
0.000000
0.141923
0.141923
0.363516
0.497741
0.000000
0.204296
0.141923
0.379534
0.141923
0.141923
0.141923
0.363516
0.363516
0.497741
0.141923
0.141923
0.363516
0.497741
0.497741
0.000000
0.141923
0.477207
0.497741
0.497741
0.141923
0.427754
0.427754
0.492766
0.393002
0.204296
0.141923
0.141923
0.487540
0.462949
0.397302
0.397302
0.397302
0.497741
0.497741
0.141923
0.000000
0.395789
0.367070
0.531431
0.000000
0.000000
0.497741
0.444869
0.550770
0.141923
0.000000
0.000000
0.000000
0.284681
0.363516
0.376439
0.497741
0.440336
0.497741
0.497741
0.457419
0.497741
0.831383
0.497741
0.512794
0.512794
0.477207
0.512794
0.499803
0.000000
0.363516
0.497741
0.499437
0.499437
0.000000
0.204296
0.239432
0.396085
0.286257
0.000000
0.141923
0.477207
0.276104
0.497741
0.477207
0.477207
0.477207
0.497741
0.497741
0.000000
0.397302
0.397302
0.499437
0.497741
0.204296
0.314018
0.314018
0.497741
0.497741
0.371059
0.450929
0.523350
0.501837
0.483155
0.352972
0.455775
0.502198
0.530375
0.489282
0.184202
0.270724
0.244481
0.316050
0.278670
0.367220
0.376217
0.317812
0.277828
0.289205
0.323606
0.478766
0.476001
0.500450
0.442787
0.119835
0.072875
0.226158
0.331861
0.380251
0.448774
0.463844
0.262949
0.243745
0.421840
0.054270
0.281916
0.309545
0.298238
0.320334
0.525323
0.479296
0.484406
0.421840
0.421840
0.356852
0.340847
0.304838
0.289059
0.369185
0.221365
0.337448
0.363669
0.307827
0.325226
0.084956
0.230656
0.206763
0.085037
0.302871
0.285048
0.258743
0.327835
0.279563
0.272663
0.023770
0.210094
0.198302
0.198495
0.097382
0.040433
0.046608
0.046608
0.047967
0.272183
0.516045
0.274688
0.421840
0.599073
0.421840
0.487233
0.465429
0.421840
0.579211
0.421840
0.426101
0.435051
0.449786
0.496344
0.470318
0.542463
0.567257
0.535381
0.505468
0.421840
0.098800
0.262774
0.315124
0.348083
0.328955
0.593267
0.532927
0.488379
0.416208
0.421840
0.265601
0.428923
0.434854
0.449963
0.421840
0.283969
0.298135
0.286891
0.201313
0.300340
0.351830
0.316082
0.318291
0.292985
0.299630
0.195247
0.278230
0.411630
0.440154
0.379442
0.206124
0.308107
0.528688
0.411461
0.495369
0.170509
0.250039
0.384035
0.168092
0.210196
0.327752
0.338170
0.451610
0.507909
0.436247
0.189290
0.311165
0.418124
0.447706
0.443082
0.147964
0.067137
0.365224
0.315439
0.364322
0.540073
0.520184
0.207599
0.185277
0.443082
0.182377
0.288428
0.343186
0.449704
0.453054
0.383007
0.272231
0.475557
0.443082
0.443082
0.233610
0.196835
0.256957
0.380253
0.326540
0.206993
0.216657
0.188775
0.313759
0.334267
0.173970
0.173970
0.217931
0.173970
0.208981
0.159236
0.119803
0.562898
0.443133
0.412180
0.175663
0.119353
0.115635
0.270304
0.192932
0.236371
0.184533
0.184533
0.184533
0.229766
0.523748
0.368745
0.443082
0.298397
0.443082
0.443082
0.339335
0.443082
0.361695
0.443082
0.246256
0.298876
0.393548
0.341473
0.277105
0.364302
0.348247
0.521654
0.449840
0.443082
0.231246
0.321752
0.392212
0.561425
0.438519
0.409396
0.406093
0.465498
0.553936
0.450958
0.203978
0.192467
0.394855
0.443082
0.443082
0.291346
0.291120
0.292352
0.298120
0.250159
0.227634
0.238738
0.172828
0.201282
0.268408
0.460866
0.471429
0.483500
0.447410
0.480180
0.154200
0.471429
0.461401
0.480667
0.406026
0.459724
0.464998
0.187073
0.457101
0.451868
0.263833
0.489401
0.489401
0.459717
0.461325
0.246049
0.480667
0.483500
0.456991
0.461325
0.416412
0.237311
0.424298
0.461396
0.258496
0.256816
0.334187
0.454290
0.459717
0.444271
0.460866
0.465503
0.459717
0.461325
0.461325
0.476644
0.480667
0.469886
0.461325
0.461325
0.443491
0.455754
0.400345
0.338376
0.425152
0.169968
0.445685
0.447233
0.347767
0.358376
0.149734
0.161341
0.428271
0.441357
0.511439
0.481001
0.415551
0.410501
0.416209
0.432228
0.000000
0.158047
0.161341
0.470002
0.424379
0.230918
0.230918
0.230918
0.050403
0.204900
0.494062
0.391169
0.461325
0.985665
0.461325
0.461325
1.096291
0.461325
0.904471
0.461325
0.466055
0.466055
0.449004
0.446524
0.448101
0.433825
0.489401
0.448463
0.461325
0.461325
0.148656
0.483500
0.272720
0.449531
0.411642
0.483824
0.419118
0.481513
0.461325
0.434207
0.494062
0.490486
0.481513
0.461325
0.461325
0.185070
0.508037
0.508037
0.508037
0.445701
0.464873
0.425151
0.456812
0.403376
0.472572
0.316251
0.338377
0.360394
0.389897
0.381043
0.321444
0.345467
0.323760
0.337872
0.349695
0.239295
0.208792
0.284452
0.279546
0.323219
0.301268
0.308828
0.389195
0.443394
0.383964
0.349425
0.341259
0.368461
0.412120
0.486063
0.107780
0.160007
0.136116
0.235169
0.298860
0.385181
0.481362
0.084441
0.091280
0.416148
0.141310
0.173389
0.189743
0.196758
0.281180
0.340287
0.350007
0.402649
0.417711
0.416148
0.287317
0.176984
0.175808
0.236061
0.338594
0.193046
0.166069
0.176221
0.252912
0.227133
0.293871
0.267411
0.262613
0.370684
0.342880
0.179120
0.230167
0.254187
0.301322
0.290566
0.044672
0.078253
0.075558
0.117398
0.120332
0.253481
0.222604
0.225007
0.229875
0.241135
0.352996
0.199149
0.415266
0.276625
0.416148
0.415266
0.277577
0.416148
0.311421
0.416148
0.261758
0.261771
0.238339
0.223922
0.253817
0.355311
0.387839
0.510166
0.453852
0.426833
0.266001
0.241745
0.242062
0.203764
0.197260
0.340207
0.311157
0.466284
0.417722
0.416148
0.245209
0.275331
0.391530
0.323292
0.375788
0.253961
0.298297
0.287370
0.236766
0.214687
0.222487
0.203104
0.197840
0.248017
0.319205
0.337687
0.488489
0.439197
0.444982
0.444982
0.320528
0.492236
0.422270
0.463583
0.444982
0.353570
0.353822
0.426773
0.257266
0.332443
0.099475
0.271729
0.311021
0.348660
0.417418
0.340209
0.319901
0.463402
0.444982
0.444982
0.023580
0.117258
0.243034
0.342945
0.132258
0.639358
0.444982
0.121784
0.155852
0.444982
0.076197
0.071238
0.045975
0.144054
0.145382
0.474129
0.529369
0.444982
0.444982
0.444982
0.074525
0.056889
0.254723
0.188123
0.312965
0.278392
0.324385
0.075777
0.233718
0.444982
0.101579
0.320457
0.104186
0.148429
0.132500
0.166546
0.277418
0.294668
0.435198
0.639358
0.065259
0.107917
0.275141
0.373530
0.024430
0.000000
0.000000
0.000000
0.000000
0.086208
0.444982
0.699249
0.444982
0.831712
0.444982
0.444982
0.923546
0.444982
0.820160
0.444982
0.359759
0.444982
0.444982
0.413182
0.614510
0.530657
0.442502
0.444982
0.444982
0.444982
0.227616
0.084316
0.105252
0.132358
0.280784
0.469802
0.444982
0.444982
0.444982
0.444982
0.411451
0.593452
0.444982
0.444982
0.444982
0.068294
0.042198
0.187731
0.399825
0.444982
0.133632
0.176650
0.141300
0.444982
0.444982
0.412036
0.412036
0.412036
0.412036
0.412036
0.412036
0.412036
0.412036
0.412036
0.386977
0.412036
0.412036
0.412036
0.412036
0.000000
0.412036
0.412036
0.412036
0.412036
0.412036
0.412036
0.412036
0.412036
0.412036
0.412036
0.000000
0.412036
0.412036
0.000000
0.412036
0.412036
0.412036
0.000000
0.000000
0.412036
0.412036
0.412036
0.412036
0.412036
0.412036
0.412036
0.412036
0.412036
0.412036
0.412036
0.412036
0.412036
0.412036
0.412036
0.000000
0.412036
0.412036
0.412036
0.412036
0.412036
0.412036
0.412036
0.412036
0.412036
0.412036
0.412036
0.412036
0.412036
0.412036
0.412036
0.261252
0.412036
0.412036
0.000000
0.412036
0.412036
0.412036
0.412036
0.412036
0.198220
0.412036
0.000000
0.412036
0.327845
0.412036
0.412036
0.327845
0.412036
0.550170
0.412036
0.412036
0.412036
0.412036
0.271496
0.271496
0.412036
0.412036
0.412036
0.412036
0.412036
0.412036
0.412036
0.412036
0.412036
0.412036
0.412036
0.412036
0.412036
0.412036
0.412036
0.412036
0.412036
0.412036
0.412036
0.412036
0.000000
0.412036
0.412036
0.412036
0.412036
0.412036
0.412036
0.386977
0.412036
0.412036
0.345195
0.428672
0.408100
0.380113
0.450155
0.294227
0.252246
0.440308
0.430224
0.417662
0.243263
0.201596
0.305135
0.283632
0.297925
0.330803
0.350360
0.369827
0.407865
0.396967
0.338374
0.335742
0.368766
0.385108
0.420821
0.100868
0.086953
0.231903
0.223728
0.379966
0.436184
0.431396
0.263341
0.261198
0.445021
0.126764
0.207685
0.262467
0.348808
0.476608
0.304410
0.399527
0.431729
0.411421
0.445021
0.404136
0.419432
0.348477
0.280203
0.403883
0.221256
0.387869
0.344459
0.248914
0.229377
0.296379
0.314809
0.286422
0.307850
0.346349
0.176323
0.332532
0.388213
0.285359
0.350338
0.204580
0.132419
0.081916
0.182544
0.211620
0.290452
0.287398
0.264461
0.213455
0.256290
0.500052
0.202211
0.400349
0.325032
0.445021
0.400349
0.327449
0.445021
0.448544
0.445021
0.337710
0.337710
0.339219
0.339649
0.382724
0.413368
0.455063
0.355769
0.445021
0.411421
0.408171
0.389719
0.373320
0.373822
0.360151
0.390320
0.402945
0.406273
0.405642
0.411421
0.411933
0.370211
0.347614
0.346097
0.354765
0.169179
0.423670
0.451545
0.446594
0.330688
0.393351
0.374008
0.273385
0.271586
0.369270
0.349698
0.390494
0.449502
0.531475
0.506972
0.430968
0.404075
0.409296
0.468046
0.608396
0.420994
0.280087
0.375840
0.523401
0.398305
0.309317
0.394538
0.389204
0.460711
0.516675
0.400842
0.553631
0.538665
0.506972
0.483629
0.060950
0.030981
0.155064
0.340133
0.327948
0.516675
0.518802
0.515648
0.396198
0.499090
0.029592
0.145561
0.400842
0.404600
0.483629
0.442512
0.532721
0.446573
0.483629
0.483629
0.331088
0.412771
0.470768
0.337529
0.446308
0.298455
0.373315
0.352836
0.310904
0.411162
0.278457
0.278457
0.220518
0.371952
0.281255
0.150298
0.321860
0.385601
0.401285
0.500575
0.252882
0.009880
0.364745
0.120724
0.292203
0.166865
0.152701
0.153727
0.164238
0.133574
0.516675
0.531457
0.483629
0.558688
0.483629
0.483629
0.661189
0.483629
0.535938
0.483629
0.516675
0.506972
0.506972
0.483629
0.483629
0.488538
0.367670
0.441082
0.409795
0.483629
0.430960
0.509216
0.515239
0.437485
0.502547
0.454934
0.516675
0.605702
0.483629
0.483629
0.411824
0.441082
0.506972
0.506972
0.483629
0.177917
0.184812
0.206825
0.251354
0.389983
0.440173
0.243230
0.333431
0.343893
0.472300
0.627982
0.341134
0.472855
0.479408
0.617904
0.464026
0.403061
0.413166
0.547080
0.559306
0.488879
0.464202
0.471263
0.351501
0.554053
0.207145
0.271755
0.401784
0.653775
0.693913
0.421845
0.320699
0.442734
0.764822
0.986179
0.277710
0.231137
0.338117
0.424767
0.493519
0.676238
0.739823
0.395258
0.213092
1.003163
0.080932
0.196430
0.270900
0.414211
0.591335
0.310349
0.399705
0.772056
1.001152
1.003163
0.318943
0.276210
0.369937
0.347041
0.435851
0.212194
0.267143
0.387397
0.398561
0.580686
0.380682
0.394157
0.447407
0.381281
0.560290
0.402567
0.401853
0.430705
0.467568
0.568563
0.087086
0.040349
0.169329
0.085228
0.167784
0.395704
0.336289
0.240626
0.246546
0.113425
0.515531
0.512278
1.003163
0.457257
1.003163
0.836212
0.564722
1.003163
0.516556
1.003163
0.464930
0.478911
0.504167
0.562098
1.105824
0.479891
0.461486
0.621171
0.735731
0.811130
0.575305
0.529872
0.456609
0.363312
0.439346
0.402301
0.478946
0.720530
0.929890
1.003070
0.579297
0.524498
0.436527
0.474954
0.825652
0.077188
0.232857
0.265182
0.197986
0.411446
0.382448
0.395063
0.392908
0.392987
0.387009
0.394520
0.492432
0.491984
0.503290
0.553535
0.471957
0.465150
0.503298
0.511122
0.518361
0.190450
0.416691
0.438081
0.509208
0.483719
0.429680
0.450696
0.477333
0.491240
0.561747
0.479127
0.512078
0.538529
0.566583
0.606730
0.074794
0.102870
0.129638
0.212645
0.483406
0.542625
0.549905
0.055482
0.308671
0.606730
0.353684
0.370645
0.404255
0.388693
0.453854
0.494610
0.511010
0.688724
0.606730
0.611594
0.449993
0.383975
0.371794
0.338089
0.378708
0.366904
0.352208
0.341879
0.348222
0.220186
0.430876
0.367900
0.407177
0.450177
0.509496
0.363213
0.357506
0.378702
0.331606
0.527944
0.121798
0.157522
0.024428
0.340171
0.204292
0.377698
0.368872
0.373402
0.335846
0.246728
0.513194
0.066632
0.606730
0.285841
0.611594
0.672408
0.253774
0.611594
0.270525
0.611594
0.483092
0.499002
0.503033
0.510837
0.567862
0.542591
0.429063
0.606063
0.611146
0.606475
0.472731
0.458941
0.424098
0.417726
0.420286
0.503039
0.470253
0.573740
0.599108
0.616103
0.365177
0.484861
0.574925
0.466578
0.606730
0.336834
0.351821
0.371004
0.362322
0.400612
0.378685
0.409892
0.403256
0.381399
0.416431
0.274880
0.317221
0.553458
0.626067
0.534445
0.274565
0.373782
0.545929
0.635255
0.577988
0.211280
0.220627
0.240917
0.303929
0.331919
0.172928
0.184204
0.264051
0.332453
0.419629
0.211853
0.306632
0.519993
0.548476
0.380379
0.128593
0.174504
0.158083
0.251479
0.306391
0.538419
0.481151
0.068080
0.088469
0.380379
0.024952
0.044639
0.083611
0.170417
0.211866
0.388188
0.692026
0.542474
0.380379
0.380379
0.311663
0.375028
0.256033
0.363187
0.212639
0.245566
0.205473
0.253783
0.289673
0.296438
0.237708
0.237708
0.259585
0.349516
0.441620
0.225875
0.221378
0.459547
0.457135
0.433158
0.018558
0.095048
0.174569
0.139864
0.117021
0.166027
0.109295
0.124072
0.113685
0.119677
0.691607
0.165693
0.380379
0.285021
0.380379
0.452625
0.314474
0.380379
0.427235
0.380379
0.551098
0.420279
0.413908
0.413908
0.413908
0.452022
0.678764
0.495911
0.447050
0.453144
0.293779
0.306460
0.318834
0.242399
0.245996
0.461868
0.463275
0.527304
0.414060
0.380379
0.266446
0.395852
0.474712
0.425202
0.397715
0.135410
0.191218
0.179884
0.161878
0.247504
0.247402
0.346386
0.279653
0.171866
0.306215
0.398512
0.399702
0.416481
0.438632
0.448864
0.392120
0.421317
0.446436
0.521495
0.449091
0.310184
0.265157
0.360450
0.424908
0.447276
0.264303
0.352696
0.442746
0.505474
0.516830
0.481552
0.450034
0.435114
0.455052
0.477951
0.147509
0.134272
0.280466
0.294274
0.430048
0.459306
0.449729
0.255427
0.261514
0.510182
0.066615
0.255821
0.303114
0.273745
0.403030
0.491731
0.469880
0.525565
0.460195
0.510182
0.221639
0.383050
0.356093
0.327307
0.331554
0.235602
0.397573
0.204879
0.269362
0.367608
0.331116
0.420595
0.484469
0.401400
0.440192
0.321120
0.335164
0.268725
0.467601
0.372682
0.199756
0.292960
0.089319
0.214764
0.181837
0.324678
0.298302
0.264696
0.249674
0.199803
0.471504
0.503589
0.510182
0.469801
0.510182
0.486577
0.503892
0.510182
0.559587
0.510182
0.440641
0.413252
0.461607
0.473561
0.472431
0.481831
0.447524
0.499861
0.476530
0.510265
0.276914
0.263282
0.271139
0.391565
0.347117
0.371265
0.456763
0.533711
0.400374
0.477951
0.516616
0.598617
0.552343
0.486612
0.440571
0.180711
0.312701
0.307589
0.226137
0.333439
0.401431
0.366597
0.352825
0.298073
0.439976
0.008376
0.118028
0.058564
0.137717
0.378834
0.121600
0.096612
0.362014
0.363131
0.397858
0.164983
0.381847
0.303186
0.160659
0.357476
0.381185
0.383170
0.399872
0.399418
0.399823
0.008026
0.076474
0.379955
0.399823
0.399823
0.083176
0.182761
0.299696
0.158291
0.320520
0.383025
0.399823
0.082223
0.079333
0.399823
0.002163
0.371823
0.383196
0.399274
0.399509
0.117437
0.380511
0.399823
0.399823
0.399823
0.383968
0.382692
0.398587
0.280657
0.381758
0.382820
0.387183
0.220081
0.383727
0.397314
0.386411
0.385813
0.305125
0.385813
0.397288
0.028138
0.040894
0.163435
0.159081
0.379002
0.000000
0.336902
0.064020
0.350076
0.131870
0.000000
0.000000
0.000000
0.000000
0.182836
0.398029
0.071639
0.399823
0.179241
0.399823
0.399823
0.083265
0.399823
0.250653
0.399823
0.388357
0.388423
0.387823
0.387982
0.295262
0.299285
0.393774
0.383025
0.399823
0.399823
0.382433
0.398199
0.377074
0.397158
0.386210
0.378768
0.375381
0.399823
0.399823
0.399823
0.000707
0.122602
0.386067
0.399823
0.399823
0.121451
0.342330
0.349492
0.274379
0.397671
0.306166
0.315311
0.395056
0.361488
0.399547
0.233017
0.268877
0.239567
0.256274
0.270580
0.225188
0.231380
0.273240
0.267126
0.268130
0.226238
0.258430
0.275301
0.283678
0.295004
0.280362
0.294937
0.292456
0.285118
0.288952
0.251081
0.263362
0.278187
0.284108
0.301646
0.069573
0.083797
0.194085
0.177096
0.257507
0.246133
0.297469
0.205663
0.175456
0.418114
0.127438
0.134161
0.137430
0.285305
0.395276
0.261138
0.279104
0.292768
0.300159
0.395276
0.112141
0.193891
0.290711
0.292719
0.342067
0.031192
0.171145
0.231808
0.245191
0.210502
0.136758
0.135705
0.129396
0.127333
0.135744
0.245017
0.200749
0.320825
0.297719
0.291393
0.022645
0.000000
0.000000
0.061893
0.096824
0.084934
0.084515
0.075907
0.066717
0.050631
0.270426
0.402225
0.293048
0.748953
0.395276
0.295062
0.782384
0.395276
0.916219
0.395276
0.298822
0.289772
0.370228
0.378905
0.378905
0.262461
0.292374
0.271486
0.305908
0.334501
0.256535
0.175019
0.145880
0.240722
0.166405
0.284294
0.263789
0.290998
0.312489
0.354647
0.209467
0.311293
0.312034
0.314187
0.408049
0.062769
0.100897
0.147149
0.187503
0.173321
0.145993
0.160769
0.210756
0.130195
0.292858
