0.494196
0.485582
0.417272
0.369430
0.420903
0.420449
0.403237
0.070001
0.377569
0.376504
0.432298
0.400753
0.446256
0.359213
0.420449
0.427992
0.420449
0.423027
0.089753
0.420449
0.407166
0.430911
0.424246
0.419481
0.383230
0.362936
0.461851
0.420998
0.434033
0.383473
0.482056
0.267960
0.420449
0.402503
0.352432
0.420449
0.382082
0.074233
0.417865
0.390680
0.420449
0.559889
0.507676
0.420449
0.420449
0.469152
0.420449
0.420449
0.432274
0.420449
0.440861
0.341532
0.420449
0.372976
0.420449
0.419565
0.409591
0.369021
0.349178
0.456615
0.429173
0.457018
0.420449
0.420449
0.383979
0.513192
0.374537
0.412510
0.483482
0.420449
0.452645
0.408057
0.375261
0.253143
0.416363
0.430179
0.486917
0.457985
0.415138
0.412793
0.492723
0.563444
0.360022
0.378870
0.396482
0.402080
0.421521
0.346592
0.401318
0.321382
0.430958
0.423886
0.420449
0.409515
0.420449
0.380471
0.437378
0.322239
0.339310
0.076544
0.472504
0.403549
0.420449
0.438256
0.362631
0.350231
0.420449
0.371579
0.454456
0.329085
0.420449
0.396870
0.444949
0.431027
0.411137
0.462931
0.193206
0.378084
0.420449
0.420449
0.463641
0.394035
0.463232
0.365435
0.385584
0.488296
0.391813
0.476946
0.549566
0.486628
0.429023
0.385574
0.021439
0.395575
0.394035
0.193296
0.485887
0.387371
0.471650
0.490108
0.442389
0.488798
0.401488
0.425227
0.409057
0.280273
0.400111
0.406782
0.394035
0.394035
0.394035
0.517344
0.400528
0.355065
0.468658
0.402708
0.564504
0.392554
0.408091
0.417739
0.445566
0.381546
0.394035
0.482237
0.383298
0.426742
0.088650
0.387371
0.361971
0.395635
0.394035
0.441360
0.393832
0.387371
0.298393
0.356128
0.504043
0.442283
0.394035
0.369654
0.502247
0.359942
0.382543
0.360257
0.376116
0.394035
0.394035
0.456686
0.394035
0.438829
0.375113
0.476771
0.417942
0.508884
0.440557
0.459939
0.383323
0.381965
0.456427
0.402415
0.216731
0.394035
0.384184
0.382489
0.313270
0.394035
0.413171
0.023852
0.397078
0.466887
0.462175
0.449394
0.485219
0.412734
0.457412
0.429207
0.456260
0.473923
0.472907
0.000000
0.413685
0.396516
0.410730
0.420806
0.352193
0.394035
0.435167
0.442845
0.388391
0.280273
0.411564
0.416165
0.394035
0.394035
0.442017
0.403811
0.442283
0.394035
0.331938
0.306810
0.330794
0.372165
0.383592
0.456773
0.200929
0.422348
0.374808
0.375188
0.311449
0.325252
0.394035
0.394035
0.416010
0.361295
0.275254
0.418327
0.000000
0.381985
0.000000
0.383592
0.481319
0.417628
0.270510
0.427533
0.373872
0.000000
0.357905
0.458349
0.302837
0.312893
0.385675
0.292712
0.388396
0.316114
0.319179
0.426674
0.247821
0.380890
0.327366
0.315767
0.393192
0.383280
0.388906
0.256615
0.000000
0.000000
0.467821
0.366740
0.383550
0.383592
0.373829
0.428409
0.246424
0.000000
0.122701
0.444572
0.393937
0.348639
0.338401
0.347742
0.402159
0.411044
0.268493
0.395566
0.349274
0.135449
0.333238
0.447321
0.405350
0.254790
0.424232
0.290202
0.000000
0.304908
0.389896
0.456067
0.303100
0.322885
0.104312
0.404985
0.423147
0.439162
0.382633
0.358821
0.404367
0.421034
0.376143
0.367585
0.408523
0.410542
0.488777
0.383575
0.363756
0.321949
0.374754
0.361359
0.000000
0.460105
0.375595
0.363146
0.218741
0.392180
0.452998
0.319330
0.402998
0.402446
0.372517
0.000000
0.414891
0.000000
0.260769
0.307275
0.238599
0.377812
0.372871
0.427018
0.378936
0.380749
0.397673
0.000000
0.443106
0.415794
0.459048
0.431588
0.390052
0.459048
0.468565
0.510447
0.434549
0.423985
0.453706
0.402149
0.454604
0.358297
0.405557
0.470778
0.459048
0.490048
0.418359
0.392621
0.457466
0.518949
0.457745
0.459048
0.397314
0.450293
0.303935
0.373625
0.441178
0.342763
0.443977
0.276519
0.459048
0.361464
0.348531
0.208390
0.416846
0.398957
0.459048
0.456853
0.480949
0.459048
0.440312
0.465920
0.354279
0.501965
0.459048
0.383646
0.377852
0.457905
0.459048
0.417587
0.381697
0.407506
0.445096
0.459048
0.272828
0.340213
0.459048
0.410430
0.444314
0.460611
0.455172
0.424441
0.498035
0.408020
0.516276
0.453562
0.459048
0.392805
0.392042
0.414626
0.392420
0.035016
0.471604
0.442026
0.476463
0.423497
0.405457
0.447039
0.513427
0.459048
0.421749
0.459048
0.459048
0.396343
0.443037
0.459048
0.459048
0.433722
0.452981
0.444940
0.459048
0.400128
0.459048
0.459048
0.443106
0.466857
0.459048
0.382933
0.440468
0.435846
0.444435
0.431550
0.331994
0.472595
0.488963
0.459048
0.364174
0.447735
0.553453
0.459951
0.452238
0.450293
0.266617
0.482368
0.391313
0.416890
0.441487
0.392307
0.398074
0.460441
0.451843
0.338598
0.466319
0.474709
0.439153
0.385173
0.420505
0.454193
0.403988
0.439153
0.362615
0.343797
0.328297
0.332183
0.496793
0.417357
0.365469
0.422907
0.535228
0.425576
0.439153
0.439153
0.439153
0.352936
0.378824
0.373975
0.473817
0.320626
0.466268
0.415758
0.439153
0.448397
0.355041
0.439153
0.439153
0.408078
0.376623
0.391553
0.439153
0.499176
0.444061
0.439153
0.332024
0.422685
0.420095
0.446792
0.414057
0.349802
0.409314
0.374966
0.511426
0.439153
0.378853
0.395705
0.401924
0.440121
0.415617
0.343410
0.502129
0.417258
0.457094
0.439153
0.395054
0.426705
0.442320
0.466398
0.408162
0.421821
0.462714
0.440894
0.338123
0.332810
0.342212
0.521032
0.442015
0.414280
0.399981
0.429653
0.406426
0.427935
0.439153
0.439153
0.355441
0.465712
0.453255
0.411701
0.405452
0.390071
0.397314
0.385777
0.371819
0.439153
0.361557
0.439153
0.453564
0.389343
0.439153
0.408967
0.405965
0.439153
0.407557
0.290083
0.365035
0.449149
0.439153
0.422347
0.379148
0.349802
0.375347
0.439153
0.451843
0.409536
0.439153
0.412638
0.437787
0.423894
0.349802
0.376609
0.383592
0.315793
0.436056
0.334527
0.383592
0.393073
0.362689
0.084952
0.431030
0.383592
0.356800
0.379601
0.414650
0.358031
0.305871
0.422525
0.454976
0.383592
0.421159
0.363510
0.000000
0.371855
0.449632
0.415517
0.315454
0.000000
0.383592
0.348133
0.391270
0.415220
0.371049
0.460069
0.383592
0.383592
0.325508
0.324997
0.335150
0.244839
0.383592
0.329656
0.070537
0.383592
0.334651
0.327134
0.383592
0.383592
0.389547
0.383592
0.294183
0.383592
0.353794
0.398691
0.332625
0.419260
0.311312
0.383592
0.350890
0.383592
0.298095
0.000000
0.358389
0.386015
0.442402
0.383592
0.312677
0.446952
0.342829
0.398454
0.376888
0.354161
0.363735
0.352915
0.418426
0.369976
0.451658
0.288097
0.334037
0.418073
0.383592
0.428504
0.383592
0.397127
0.360963
0.494261
0.360319
0.453726
0.416971
0.319017
0.366717
0.360874
0.445642
0.449432
0.362747
0.360874
0.395227
0.425953
0.502487
0.383592
0.327974
0.401077
0.383592
0.466711
0.423505
0.416960
0.330121
0.381810
0.417605
0.404228
0.426830
0.318374
0.437772
0.446009
0.357330
0.411325
0.339177
0.409232
0.372763
0.282592
0.334037
0.391478
0.466429
0.383894
0.437431
0.333285
0.311310
0.415526
0.062950
0.297954
0.393197
0.435973
0.476311
0.387156
0.435599
0.368840
0.400708
0.435599
0.435599
0.435599
0.438975
0.412193
0.397339
0.420199
0.398656
0.455704
0.377136
0.440542
0.367730
0.220012
0.332419
0.354779
0.394883
0.046614
0.401631
0.397128
0.366407
0.396662
0.483706
0.363020
0.405402
0.368228
0.378911
0.435599
0.404776
0.444148
0.395783
0.422042
0.378871
0.439980
0.328295
0.369455
0.450880
0.502438
0.338340
0.408888
0.399010
0.435599
0.407034
0.213810
0.334861
0.393640
0.398634
0.408186
0.435599
0.402012
0.309212
0.420039
0.412984
0.420199
0.435599
0.386510
0.385517
0.360813
0.395597
0.435599
0.397652
0.508296
0.435599
0.424964
0.435599
0.408834
0.379802
0.349924
0.369501
0.508373
0.296633
0.435599
0.434230
0.410395
0.279977
0.435599
0.417442
0.427284
0.396116
0.435599
0.431771
0.419261
0.483962
0.350533
0.359360
0.300408
0.400504
0.466155
0.382807
0.435599
0.334804
0.435599
0.344853
0.435599
0.415526
0.386989
0.435599
0.413858
0.397883
0.416488
0.160335
0.448636
0.460697
0.435786
0.305464
0.344974
0.348197
0.448029
0.321956
0.042674
0.366948
0.366948
0.051611
0.423988
0.401383
0.377913
0.410188
0.366948
0.366948
0.432433
0.271274
0.450372
0.418678
0.224082
0.424690
0.366948
0.426580
0.459509
0.365678
0.320431
0.343569
0.341423
0.380651
0.327451
0.412975
0.366948
0.474675
0.458804
0.366948
0.388597
0.366948
0.421205
0.391068
0.377975
0.328579
0.366948
0.373230
0.394327
0.401337
0.387673
0.366948
0.409866
0.008354
0.427047
0.419723
0.298011
0.452116
0.409451
0.391938
0.428606
0.366948
0.511903
0.463680
0.363905
0.428100
0.432239
0.460069
0.423389
0.230650
0.423439
0.347049
0.441945
0.337922
0.420760
0.380986
0.360176
0.436610
0.343063
0.320927
0.425105
0.468730
0.422874
0.411789
0.494545
0.366948
0.431683
0.349676
0.366948
0.422966
0.365429
0.386022
0.432361
0.395076
0.324637
0.341798
0.340936
0.366948
0.360405
0.366948
0.431841
0.378941
0.410008
0.369530
0.368478
0.366948
0.366948
0.437020
0.423207
0.422736
0.366098
0.431180
0.395205
0.409908
0.366948
0.399486
0.358784
0.441423
0.458808
0.421072
0.350097
0.491916
0.437240
0.457250
0.327580
0.396861
0.324749
0.445407
0.189439
0.454296
0.463050
0.395633
0.422452
0.445580
0.424251
0.368592
0.468213
0.400809
0.461572
0.474469
0.468213
0.414592
0.468213
0.400147
0.468213
0.386171
0.417980
0.449007
0.375615
0.468213
0.417249
0.401857
0.374760
0.468213
0.468213
0.468213
0.468213
0.472603
0.466196
0.364487
0.439584
0.433122
0.475246
0.425157
0.468213
0.374667
0.371178
0.538951
0.472376
0.405348
0.466545
0.397888
0.423403
0.482150
0.482820
0.466601
0.450840
0.432980
0.468213
0.456027
0.466073
0.405348
0.511248
0.143017
0.424519
0.409906
0.484203
0.463807
0.334729
0.427745
0.456754
0.468213
0.468213
0.378083
0.484576
0.479805
0.472189
0.452616
0.405348
0.432988
0.368567
0.384400
0.226065
0.482845
0.468213
0.468213
0.467925
0.224597
0.468213
0.468213
0.328347
0.421379
0.471322
0.388486
0.376831
0.353065
0.382917
0.468213
0.485400
0.468213
0.496519
0.468213
0.379617
0.473002
0.390540
0.405348
0.414312
0.483798
0.412847
0.482535
0.370180
0.276259
0.457892
0.557912
0.488884
0.443235
0.468213
0.468213
0.411364
0.473822
0.368426
0.468213
0.458880
0.468213
0.454652
0.444309
0.280557
0.360063
0.430924
0.376432
0.397375
0.380709
0.376432
0.465954
0.386862
0.439770
0.376432
0.451786
0.393656
0.362945
0.413029
0.014731
0.418687
0.376432
0.380088
0.423886
0.365953
0.418528
0.376432
0.361478
0.374311
0.336544
0.376432
0.446431
0.341153
0.403788
0.423492
0.385405
0.376432
0.376432
0.314801
0.357910
0.401655
0.460583
0.359177
0.372017
0.381277
0.437671
0.378138
0.440457
0.379735
0.380863
0.399884
0.376432
0.376432
0.373244
0.357297
0.376432
0.425273
0.351912
0.336600
0.299180
0.428381
0.402263
0.376432
0.376432
0.374199
0.376432
0.371905
0.434521
0.329964
0.363555
0.606533
0.522368
0.347501
0.416104
0.341153
0.388760
0.366889
0.403829
0.315453
0.379689
0.326288
0.490884
0.376432
0.481225
0.401855
0.417403
0.424343
0.417672
0.376432
0.382923
0.373564
0.384653
0.376432
0.415435
0.368423
0.427005
0.481023
0.318458
0.474877
0.423049
0.459504
0.395942
0.022422
0.376432
0.366713
0.405073
0.443437
0.430971
0.393344
0.367893
0.401838
0.380410
0.376432
0.376432
0.343595
0.390532
0.415633
0.408962
0.365819
0.374749
0.427556
0.339524
0.373906
0.428310
0.299359
0.405877
0.470596
0.437552
0.470596
0.400265
0.261642
0.493267
0.478312
0.496959
0.398324
0.378456
0.470596
0.416199
0.470596
0.313391
0.470596
0.460175
0.451402
0.437239
0.404513
0.516024
0.502103
0.500172
0.400530
0.415530
0.457196
0.317182
0.263585
0.346574
0.443525
0.484460
0.423446
0.470596
0.470596
0.470596
0.470596
0.299153
0.419592
0.324602
0.310855
0.449830
0.457506
0.442107
0.470596
0.428682
0.372143
0.428191
0.416302
0.473499
0.306913
0.416773
0.448333
0.478625
0.418154
0.353262
0.438648
0.478337
0.483183
0.404513
0.324209
0.454981
0.405054
0.440050
0.455689
0.364962
0.452750
0.509934
0.429204
0.438397
0.470596
0.431615
0.270730
0.442352
0.404167
0.487211
0.470596
0.486593
0.456643
0.491610
0.470596
0.483668
0.470596
0.297380
0.392309
0.463691
0.453948
0.470596
0.235507
0.306913
0.363828
0.470596
0.473893
0.430903
0.415888
0.483752
0.406911
0.470596
0.500767
0.499350
0.454818
0.485867
0.470696
0.457292
0.406100
0.432734
0.499057
0.466536
0.470132
0.423256
0.446743
0.470596
0.470596
0.498114
0.447092
0.035440
0.470596
0.470596
0.462008
0.478950
0.223677
0.380319
0.396619
0.376328
0.128111
0.357409
0.376328
0.370699
0.362650
0.289161
0.376328
0.350189
0.376328
0.354244
0.376328
0.392254
0.495073
0.403160
0.376328
0.395887
0.333371
0.346574
0.354244
0.418620
0.391380
0.354838
0.376328
0.349697
0.280083
0.376328
0.421343
0.370119
0.376328
0.402302
0.313778
0.291843
0.376328
0.362584
0.388853
0.424902
0.344012
0.408837
0.371668
0.341089
0.301442
0.339545
0.295706
0.057465
0.315866
0.358321
0.289207
0.320462
0.350926
0.338987
0.388601
0.277305
0.351597
0.377030
0.398495
0.376328
0.314562
0.354244
0.376328
0.376328
0.316197
0.376328
0.412086
0.370429
0.376328
0.281800
0.310725
0.336083
0.376328
0.376328
0.376328
0.319737
0.376328
0.324756
0.379869
0.401738
0.376328
0.306154
0.372727
0.404521
0.423974
0.396495
0.347077
0.347298
0.335660
0.358297
0.337131
0.416644
0.409538
0.373409
0.370154
0.376048
0.358990
0.335300
0.322324
0.344666
0.352789
0.376328
0.378221
0.407279
0.363449
0.340908
0.266271
0.343563
0.097607
0.336969
0.166584
0.301060
0.342959
0.168237
0.013158
0.355173
0.433923
0.340829
0.301342
0.423500
0.319474
0.388303
0.388303
0.413840
0.388303
0.297939
0.465892
0.450888
0.436946
0.388303
0.408230
0.400714
0.132441
0.357152
0.324239
0.308480
0.431540
0.440963
0.388303
0.388303
0.388303
0.388303
0.342848
0.367454
0.388303
0.388176
0.455933
0.388303
0.402297
0.344970
0.388303
0.380786
0.372831
0.388303
0.269656
0.374971
0.427763
0.388303
0.335889
0.330518
0.318748
0.388303
0.425505
0.388303
0.270545
0.355673
0.395770
0.388303
0.372362
0.364775
0.350260
0.401549
0.495802
0.388303
0.325768
0.377618
0.419042
0.426855
0.380789
0.439021
0.396924
0.430871
0.376119
0.388303
0.388303
0.373413
0.414688
0.416720
0.443659
0.343232
0.429769
0.311902
0.349014
0.349347
0.342589
0.298074
0.434260
0.354506
0.388303
0.362675
0.392823
0.388303
0.388303
0.343743
0.478657
0.339835
0.349714
0.104225
0.388303
0.338544
0.288724
0.387131
0.387464
0.418784
0.388303
0.387470
0.402591
0.378398
0.458249
0.388303
0.360377
0.408364
0.021539
0.407439
0.341642
0.388303
0.405427
0.388303
0.392951
0.370440
0.341243
0.340635
0.434146
0.388303
0.421349
0.347887
0.388303
0.391800
0.388303
0.405612
0.295590
0.324688
0.481239
0.369850
0.406964
0.417184
0.450711
0.384010
0.334312
0.389136
0.370728
0.389136
0.437905
0.019433
0.372111
0.341294
0.424892
0.528415
0.452199
0.177665
0.479123
0.341294
0.341294
0.435635
0.380489
0.482890
0.414210
0.450133
0.408864
0.374491
0.000000
0.425815
0.439927
0.336704
0.324342
0.341294
0.385715
0.408864
0.423408
0.452399
0.348547
0.504533
0.341294
0.341294
0.395372
0.334331
0.486718
0.439685
0.440095
0.371885
0.341294
0.432137
0.428521
0.129934
0.429904
0.341294
0.387480
0.341294
0.341294
0.341294
0.341294
0.376283
0.341294
0.421444
0.396611
0.341294
0.341294
0.428310
0.428041
0.374907
0.341294
0.354724
0.360056
0.342915
0.354005
0.424518
0.508470
0.482583
0.002036
0.367166
0.341294
0.341294
0.385786
0.371051
0.395495
0.409833
0.422744
0.462477
0.380899
0.479283
0.466733
0.397064
0.419104
0.336081
0.388000
0.389136
0.455481
0.557175
0.394483
0.427680
0.428104
0.419331
0.400227
0.406574
0.374888
0.441971
0.341294
0.267272
0.061783
0.448244
0.367828
0.457421
0.341294
0.341294
0.404880
0.380393
0.341294
0.341294
0.358642
0.349332
0.341294
0.366657
0.383864
0.390902
0.407002
0.401895
0.373584
0.413259
0.489561
0.411662
0.157491
0.353736
0.381261
0.367300
0.352068
0.336033
0.381261
0.399612
0.400044
0.381261
0.400623
0.381261
0.344687
0.390223
0.396795
0.390153
0.383121
0.448401
0.340848
0.326097
0.402470
0.373584
0.392848
0.381261
0.352517
0.326603
0.381261
0.486285
0.387251
0.337221
0.424380
0.403978
0.261264
0.401152
0.340134
0.323873
0.423476
0.452001
0.419999
0.331711
0.340411
0.381261
0.373584
0.387694
0.301954
0.381261
0.372082
0.448112
0.418135
0.392707
0.381261
0.455147
0.381261
0.373829
0.381261
0.284341
0.333933
0.453892
0.391810
0.381676
0.405399
0.427693
0.349371
0.343821
0.348212
0.359623
0.410964
0.381261
0.203016
0.381261
0.416420
0.408442
0.458074
0.345136
0.381261
0.372298
0.450760
0.355105
0.444020
0.353318
0.110266
0.381261
0.382905
0.405757
0.381261
0.381261
0.381261
0.461109
0.381261
0.414055
0.360426
0.369594
0.426433
0.397697
0.373349
0.407002
0.442437
0.376531
0.389757
0.411028
0.346976
0.419050
0.381261
0.123322
0.427847
0.343735
0.369927
0.428569
0.373584
0.359377
0.381261
0.413634
0.412209
0.449827
0.362370
0.447004
0.692002
0.459457
0.446623
0.417137
0.445483
0.362118
0.171029
0.409393
0.421078
0.363755
0.413234
0.450651
0.442571
0.423467
0.472228
0.414385
0.521529
0.402522
0.404391
0.433497
0.435429
0.424437
0.452921
0.439043
0.430302
0.471559
0.409507
0.420676
0.464821
0.395345
0.404391
0.462886
0.477922
0.404391
0.448709
0.404391
0.467705
0.389175
0.404119
0.028507
0.426778
0.464819
0.404391
0.300748
0.388890
0.431725
0.408607
0.376282
0.417430
0.436569
0.561079
0.478399
0.404391
0.404041
0.404391
0.431945
0.464821
0.422947
0.411855
0.409766
0.415395
0.404391
0.404391
0.521095
0.409066
0.371209
0.407467
0.396906
0.448305
0.402158
0.374663
0.433078
0.404391
0.471711
0.404391
0.472103
0.396303
0.208966
0.447963
0.380211
0.409189
0.411311
0.353912
0.420820
0.404391
0.442800
0.508332
0.395345
0.420820
0.404391
0.452126
0.404391
0.511414
0.404391
0.310705
0.457772
0.425392
0.404391
0.367817
0.359672
0.443708
0.464432
0.447186
0.404391
0.375215
0.445600
0.390373
0.384462
0.010965
0.417425
0.404391
0.364662
0.337006
0.407664
0.250997
0.321195
0.367498
0.404016
0.384958
0.401746
0.474810
0.392858
0.392858
0.229175
0.497661
0.383539
0.356268
0.392858
0.392858
0.368916
0.392858
0.409862
0.443554
0.392858
0.392698
0.394825
0.372216
0.525104
0.392858
0.392858
0.429487
0.499903
0.404016
0.382527
0.379900
0.392858
0.433749
0.363288
0.389762
0.426806
0.392858
0.414188
0.372434
0.367063
0.398219
0.404546
0.401039
0.392858
0.403788
0.401824
0.504903
0.403081
0.282264
0.197395
0.343750
0.402759
0.463914
0.396181
0.343365
0.405007
0.582340
0.436238
0.382676
0.367709
0.391221
0.430699
0.392858
0.392858
0.182468
0.333653
0.392858
0.407849
0.417112
0.435230
0.360566
0.415484
0.367213
0.372410
0.398456
0.372737
0.392858
0.378716
0.434673
0.421475
0.388437
0.522773
0.526317
0.408180
0.527428
0.392858
0.392858
0.382472
0.392858
0.414735
0.419199
0.417093
0.392858
0.402491
0.435621
0.374908
0.468683
0.457656
0.342052
0.391092
0.388045
0.392858
0.452378
0.371054
0.383629
0.411041
0.398441
0.474063
0.395438
0.392858
0.392858
0.568465
0.473374
0.392858
0.396918
0.348902
0.412775
0.401570
0.424222
0.392858
0.392858
0.426139
0.452519
0.428021
0.353539
0.454987
0.330794
0.442523
0.459321
0.412288
0.330794
0.508984
0.435352
0.419264
0.330794
0.487773
0.330794
0.447686
0.433088
0.492877
0.462607
0.432925
0.394669
0.444330
0.422071
0.368077
0.410579
0.487949
0.330794
0.398302
0.448651
0.382770
0.389686
0.434811
0.499752
0.517472
0.442625
0.331339
0.414963
0.482725
0.360155
0.330794
0.444608
0.476928
0.428416
0.351339
0.421861
0.504609
0.543175
0.330794
0.480822
0.416712
0.461146
0.462156
0.466337
0.435071
0.429729
0.466014
0.481013
0.440810
0.497513
0.398169
0.443509
0.330794
0.330794
0.358334
0.415759
0.330794
0.471725
0.472643
0.387774
0.330794
0.403518
0.332779
0.456166
0.330794
0.500736
0.463048
0.420426
0.355929
0.330794
0.432885
0.458568
0.477871
0.442374
0.330794
0.397694
0.438306
0.330794
0.456818
0.385421
0.330794
0.419278
0.512949
0.484086
0.330794
0.479369
0.460107
0.540429
0.435714
0.393145
0.440176
0.412288
0.324020
0.346633
0.288518
0.500214
0.447154
0.380115
0.352866
0.408975
0.498889
0.374835
0.435969
0.330794
0.506449
0.406848
0.459318
0.479699
0.384984
0.330794
0.410163
0.370423
0.424812
0.430339
0.381305
0.480531
0.437589
0.353294
0.503151
0.459042
0.458399
0.471743
0.425950
0.432779
0.384525
0.480531
0.265069
0.544493
0.480531
0.478985
0.502150
0.495592
0.480531
0.452716
0.480531
0.431179
0.519493
0.485812
0.480531
0.402213
0.480531
0.443236
0.480531
0.430897
0.480531
0.480531
0.468865
0.420530
0.406556
0.373859
0.423930
0.531407
0.499223
0.453368
0.480531
0.477216
0.464396
0.474356
0.480531
0.354275
0.461835
0.480531
0.502446
0.416827
0.323464
0.471187
0.484679
0.494456
0.560960
0.472058
0.423097
0.480531
0.451627
0.453259
0.403957
0.515995
0.507886
0.411426
0.528673
0.436321
0.290277
0.420315
0.359744
0.480531
0.418382
0.474236
0.445593
0.458038
0.458307
0.431776
0.329868
0.514494
0.485999
0.527139
0.370449
0.421701
0.508535
0.501118
0.480531
0.431871
0.480531
0.418507
0.480531
0.360764
0.370139
0.500351
0.485534
0.501718
0.480531
0.428602
0.452266
0.483105
0.048855
0.481221
0.319716
0.429062
0.509013
0.136111
0.461114
0.445552
0.474236
0.433800
0.535101
0.529435
0.470984
0.480531
0.502442
0.434889
0.404603
0.396977
0.388676
0.407679
0.411694
0.451000
0.316859
0.451000
0.458906
0.317761
0.437310
0.439194
0.403115
0.395948
0.371174
0.380431
0.412827
0.447587
0.414381
0.425967
0.391172
0.406905
0.501117
0.412474
0.402943
0.422945
0.420812
0.401751
0.419904
0.431593
0.326820
0.402932
0.458325
0.420983
0.441754
0.456129
0.344873
0.447103
0.421827
0.451000
0.348543
0.425288
0.503583
0.412519
0.441122
0.345861
0.429872
0.451000
0.412474
0.406905
0.465502
0.284664
0.448866
0.451000
0.439861
0.414866
0.435271
0.443890
0.444588
0.316316
0.371117
0.413329
0.451000
0.392478
0.451000
0.391080
0.451000
0.283616
0.439799
0.451000
0.406153
0.382402
0.429564
0.392586
0.390906
0.414934
0.451000
0.451000
0.134523
0.427400
0.403630
0.399962
0.448373
0.451000
0.404312
0.464256
0.422293
0.423069
0.451000
0.397856
0.439827
0.353914
0.451000
0.526328
0.328598
0.438750
0.401690
0.445302
0.377225
0.451000
0.382225
0.390874
0.401579
0.401843
0.410572
0.402848
0.403417
0.495489
0.377895
0.480636
0.387004
0.337282
0.451000
0.438835
0.472639
0.433574
0.344825
0.451000
0.436609
0.382183
0.026530
0.383553
0.478146
0.375980
0.400679
0.378048
0.392746
0.400679
0.349578
0.417362
0.470768
0.354303
0.409210
0.400679
0.330989
0.400679
0.347079
0.514750
0.461926
0.446346
0.448682
0.400679
0.400679
0.460142
0.417447
0.420083
0.205380
0.502816
0.470067
0.347102
0.452005
0.410783
0.455977
0.443519
0.379072
0.477812
0.358651
0.000000
0.454838
0.335396
0.400679
0.350455
0.473742
0.480611
0.507739
0.400679
0.323687
0.391267
0.400679
0.491849
0.406969
0.363200
0.400679
0.391143
0.451745
0.346092
0.336610
0.460592
0.465821
0.421166
0.424853
0.341376
0.376276
0.330989
0.365421
0.400679
0.400679
0.438332
0.400679
0.435604
0.400679
0.214770
0.327367
0.396618
0.344034
0.350927
0.376190
0.423505
0.400679
0.503866
0.389603
0.349826
0.484814
0.400679
0.404593
0.486434
0.391295
0.455217
0.488152
0.368234
0.404700
0.400679
0.395997
0.228659
0.466882
0.394862
0.352458
0.513291
0.414286
0.441522
0.436282
0.371689
0.400679
0.512492
0.385312
0.415113
0.375634
0.400679
0.486606
0.396894
0.454598
0.390621
0.416488
0.342076
0.400679
0.389339
0.388586
0.407204
0.449067
0.436944
0.360343
0.326468
0.425009
0.458289
0.398954
0.444204
0.425633
0.295535
0.386304
0.398954
0.338430
0.407341
0.398954
0.371802
0.457793
0.398954
0.390425
0.406727
0.421299
0.373253
0.370502
0.316658
0.332087
0.326416
0.425192
0.379111
0.297039
0.429821
0.382376
0.398954
0.408096
0.325810
0.053417
0.426805
0.398954
0.311784
0.398954
0.451251
0.376758
0.416621
0.398954
0.398954
0.392945
0.514975
0.361537
0.332529
0.398954
0.586794
0.360239
0.407741
0.342692
0.398954
0.425696
0.352410
0.308114
0.072706
0.385640
0.451333
0.453544
0.398954
0.306938
0.289224
0.421535
0.363013
0.406510
0.398954
0.371805
0.421872
0.421261
0.376592
0.389109
0.350459
0.352927
0.398971
0.269004
0.311566
0.416053
0.330406
0.389778
0.398710
0.396378
0.449743
0.397554
0.404898
0.398954
0.390732
0.352927
0.384990
0.349160
0.402908
0.389898
0.359649
0.367772
0.420253
0.441717
0.297039
0.386932
0.277967
0.398954
0.363312
0.398954
0.326663
0.382351
0.436216
0.359048
0.398954
0.398954
0.323297
0.274081
0.452397
0.398954
0.307087
0.454913
0.398971
0.398954
0.378307
0.398954
0.398954
0.398954
0.414920
0.303635
0.257579
0.427160
0.428762
0.433975
0.399793
0.443081
0.427160
0.418978
0.386216
0.416071
0.453743
0.350192
0.803521
0.329603
0.427160
0.404962
0.410123
0.457619
0.408497
0.384727
0.457619
0.427160
0.397326
0.427160
0.393605
0.392645
0.377358
0.428164
0.427160
0.378806
0.427160
0.384628
0.427160
0.427160
0.416052
0.427160
0.434996
0.477699
0.409766
0.351768
0.427160
0.364789
0.455774
0.427160
0.363318
0.359073
0.439653
0.422485
0.367466
0.410777
0.283120
0.385695
0.367802
0.399956
0.241171
0.369241
0.427160
0.510931
0.427160
0.343127
0.339181
0.418710
0.447652
0.385003
0.346603
0.296183
0.440527
0.461975
0.432586
0.467073
0.352881
0.319832
0.427160
0.268009
0.368430
0.320537
0.470362
0.402587
0.427160
0.427160
0.418115
0.442058
0.413592
0.427160
0.440554
0.420564
0.428441
0.408955
0.417627
0.377739
0.462232
0.467964
0.050795
0.489086
0.422665
0.427160
0.445355
0.454200
0.313647
0.348436
0.339921
0.483389
0.427160
0.454350
0.391739
0.427160
0.454350
0.459251
0.456871
0.446829
0.417281
0.467491
0.352881
0.355540
0.432144
0.427160
0.427905
0.473097
0.439257
0.185676
0.427160
0.394524
0.369010
0.425047
0.418097
0.397259
0.386909
0.418097
0.418097
0.418097
0.401434
0.418097
0.284762
0.416912
0.361148
0.350009
0.420620
0.449562
0.426204
0.350009
0.418097
0.350009
0.359214
0.310958
0.425623
0.369992
0.451962
0.327694
0.418097
0.418097
0.319302
0.388424
0.317876
0.338362
0.315050
0.398439
0.147895
0.360522
0.342185
0.369506
0.272790
0.418097
0.413523
0.418097
0.360944
0.418097
0.449740
0.423680
0.391965
0.408136
0.263025
0.405731
0.326853
0.345775
0.418097
0.285332
0.361420
0.422209
0.563375
0.220264
0.351857
0.418097
0.274690
0.319551
0.387629
0.306612
1.898914
0.350020
0.406403
0.336889
0.366216
0.329785
0.453022
0.259741
0.281862
0.071696
0.418097
0.439403
0.260862
0.425055
0.370896
0.418097
0.375229
0.450483
0.418097
0.412987
0.418097
0.413983
0.418097
0.369005
0.273790
0.376676
0.416639
0.414186
0.376312
0.317179
0.418097
0.387226
0.162376
0.418097
0.312381
0.464004
0.451312
0.365370
0.298217
0.418097
0.418097
0.510853
0.350981
0.302025
0.246235
0.317137
0.368523
0.409557
0.332556
0.367079
0.418097
0.415282
0.418097
0.302974
0.223141
0.432643
0.388311
0.379999
0.361972
0.394456
0.382625
0.408082
0.388311
0.359355
0.364819
0.385793
0.373831
0.430326
0.239419
0.342536
0.351233
0.388311
0.430676
0.390122
0.382515
0.334579
0.388311
0.412364
0.319741
0.307663
0.477324
0.411764
0.378415
0.399794
0.368663
0.364776
0.388311
0.370856
0.398278
0.379583
0.341085
0.430371
0.384028
0.333498
0.388311
0.428110
0.353895
0.402455
0.388311
0.292614
0.388311
0.412671
0.415238
0.290060
0.320781
0.460083
0.388311
0.382864
0.393755
0.405013
0.387453
0.436640
0.387214
0.382515
0.382751
0.363902
0.333429
0.365535
0.359435
0.361053
0.388311
0.314539
0.399856
0.323865
0.278127
0.361134
0.281925
0.382654
0.378520
0.336586
0.382515
0.407302
0.362897
0.388311
0.388311
0.388311
0.400517
0.359507
0.434743
0.366656
0.383900
0.367040
0.350352
0.364582
0.351707
0.388464
0.377320
0.396690
0.359377
0.382515
0.479026
0.391800
0.400988
0.377841
0.445365
0.373242
0.378103
0.356905
0.352118
0.388311
0.394998
0.402312
0.351172
0.369023
0.411412
0.210299
0.440716
0.397639
0.376721
0.233481
0.388311
0.381460
0.411072
0.460738
0.302617
